0	35
1	35
2	14
3	41
4	22
5	13
6	0
7	40
8	39
9	21
10	36
11	8
12	41
13	35
14	32
15	13
16	16
17	21
18	16
19	36
20	35
21	14
22	19
23	23
24	24
25	40
26	2
27	35
28	36
29	0
30	21
31	26
32	38
33	6
34	26
35	39
36	1
37	39
38	37
39	6
40	13
41	22
42	11
43	39
44	39
45	32
46	1
47	30
48	3
49	28
50	3
51	26
52	21
53	12
54	35
55	32
56	38
57	24
58	38
59	15
60	27
61	19
62	12
63	0
64	6
65	37
66	22
67	14
68	8
69	2
70	19
71	40
72	23
73	18
74	37
75	24
76	19
77	8
78	35
79	4
80	13
81	5
82	5
83	12
84	15
85	6
86	30
87	13
88	27
89	0
90	3
91	35
92	14
93	26
94	11
95	21
96	21
97	30
98	19
99	30
100	14
101	2
102	11
103	1
104	5
105	6
106	23
107	28
108	14
109	27
110	21
111	32
112	23
113	36
114	24
115	3
116	1
117	1
118	15
119	15
120	24
121	30
122	8
123	24
124	27
125	14
126	18
127	19
128	12
129	24
130	19
131	39
132	22
133	30
134	13
135	22
136	8
137	26
138	1
139	39
140	14
141	1
142	0
143	16
144	35
145	27
146	6
147	0
148	24
149	1
150	18
151	14
152	13
153	22
154	26
155	14
156	0
157	23
158	32
159	6
160	28
161	41
162	21
163	40
164	19
165	5
166	41
167	22
168	24
169	5
170	37
171	23
172	35
173	27
174	32
175	14
176	11
177	36
178	5
179	38
180	2
181	8
182	21
183	2
184	23
185	15
186	5
187	32
188	14
189	40
190	2
191	1
192	22
193	23
194	0
195	2
196	35
197	2
198	30
199	22
200	27
201	13
202	30
203	13
204	16
205	19
206	35
207	40
208	3
209	27
210	22
211	13
212	37
213	30
214	40
215	14
216	5
217	19
218	14
219	35
220	41
221	37
222	6
223	41
224	0
225	28
226	3
227	30
228	23
229	38
230	22
231	39
232	37
233	28
234	21
235	32
236	37
237	19
238	26
239	38
240	26
241	0
242	8
243	1
244	32
245	41
246	23
247	0
248	26
249	35
250	30
251	30
252	38
253	12
254	37
255	35
256	2
257	32
258	38
259	26
260	22
261	18
262	23
263	27
264	37
265	16
266	32
267	32
268	27
269	16
270	30
271	22
272	1
273	3
274	3
275	35
276	39
277	27
278	16
279	12
280	14
281	26
282	0
283	30
284	8
285	14
286	12
287	4
288	30
289	35
290	30
291	39
292	30
293	13
294	18
295	12
296	4
297	2
298	36
299	40
300	14
301	2
302	2
303	27
304	32
305	11
306	22
307	32
308	1
309	6
310	39
311	5
312	36
313	32
314	18
315	23
316	28
317	26
318	37
319	13
320	3
321	22
322	8
323	40
324	41
325	40
326	1
327	2
328	6
329	23
330	16
331	6
332	13
333	32
334	30
335	23
336	27
337	11
338	27
339	5
340	0
341	12
342	12
343	24
344	22
345	26
346	16
347	40
348	24
349	30
350	6
351	14
352	26
353	3
354	35
355	13
356	30
357	1
358	15
359	38
360	19
361	19
362	27
363	4
364	14
365	12
366	6
367	40
368	23
369	19
370	12
371	27
372	3
373	28
374	19
375	30
376	12
377	36
378	15
379	21
380	40
381	1
382	4
383	12
384	19
385	5
386	37
387	30
388	0
389	39
390	0
391	8
392	5
393	15
394	24
395	41
396	30
397	14
398	36
399	8
400	1
401	16
402	0
403	0
404	36
405	39
406	0
407	3
408	16
409	36
410	3
411	30
412	0
413	28
414	30
415	2
416	3
417	41
418	30
419	22
420	3
421	14
422	30
423	4
424	38
425	26
426	13
427	5
428	30
429	6
430	26
431	6
432	32
433	30
434	24
435	13
436	12
437	39
438	5
439	30
440	19
441	12
442	12
443	21
444	2
445	36
446	19
447	4
448	16
449	13
450	24
451	6
452	27
453	28
454	14
455	27
456	35
457	40
458	24
459	13
460	6
461	19
462	39
463	39
464	26
465	35
466	4
467	32
468	19
469	40
470	23
471	35
472	36
473	30
474	39
475	16
476	7
477	38
478	26
479	5
480	28
481	37
482	1
483	11
484	11
485	24
486	40
487	30
488	39
489	24
490	27
491	24
492	41
493	40
494	27
495	41
496	36
497	35
498	27
499	23
500	5
501	8
502	26
503	40
504	2
505	21
506	5
507	39
508	4
509	35
510	8
511	6
512	2
513	3
514	13
515	4
516	35
517	12
518	30
519	39
520	37
521	30
522	12
523	18
524	30
525	12
526	16
527	1
528	22
529	19
530	23
531	39
532	23
533	28
534	19
535	12
536	5
537	11
538	32
539	38
540	19
541	24
542	37
543	35
544	13
545	12
546	35
547	5
548	24
549	2
550	22
551	35
552	12
553	27
554	38
555	32
556	39
557	26
558	15
559	40
560	37
561	28
562	27
563	23
564	22
565	21
566	19
567	28
568	19
569	35
570	9
571	6
572	24
573	35
574	0
575	5
576	14
577	21
578	14
579	30
580	35
581	26
582	13
583	23
584	39
585	27
586	41
587	24
588	19
589	11
590	22
591	40
592	15
593	15
594	16
595	14
596	12
597	21
598	26
599	36
600	22
601	6
602	28
603	23
604	41
605	1
606	2
607	19
608	15
609	11
610	18
611	26
612	13
613	24
614	2
615	12
616	28
617	36
618	35
619	23
620	40
621	6
622	28
623	0
624	5
625	41
626	30
627	6
628	37
629	12
630	16
631	40
632	35
633	35
634	19
635	2
636	12
637	39
638	23
639	27
640	1
641	22
642	23
643	0
644	26
645	26
646	2
647	12
648	0
649	28
650	35
651	37
652	26
653	12
654	12
655	23
656	13
657	23
658	12
659	27
660	15
661	39
662	30
663	40
664	14
665	6
666	2
667	2
668	2
669	0
670	13
671	5
672	28
673	21
674	13
675	1
676	2
677	4
678	35
679	30
680	38
681	14
682	30
683	14
684	23
685	2
686	19
687	37
688	2
689	2
690	5
691	35
692	3
693	21
694	28
695	11
696	0
697	28
698	23
699	30
700	3
701	5
702	35
703	16
704	27
705	19
706	8
707	27
708	1
709	14
710	21
711	24
712	13
713	24
714	36
715	30
716	3
717	40
718	1
719	23
720	21
721	22
722	13
723	22
724	35
725	35
726	23
727	11
728	19
729	41
730	41
731	12
732	6
733	19
734	0
735	12
736	40
737	3
738	18
739	1
740	41
741	41
742	13
743	13
744	23
745	21
746	12
747	35
748	14
749	39
750	37
751	39
752	19
753	0
754	24
755	23
756	16
757	14
758	18
759	16
760	30
761	26
762	26
763	19
764	11
765	35
766	13
767	37
768	40
769	0
770	13
771	14
772	27
773	16
774	39
775	18
776	8
777	2
778	3
779	14
780	28
781	16
782	1
783	23
784	0
785	27
786	1
787	36
788	37
789	16
790	35
791	28
792	2
793	27
794	2
795	39
796	35
797	16
798	26
799	6
800	28
801	21
802	22
803	35
804	39
805	39
806	11
807	23
808	19
809	2
810	41
811	14
812	12
813	6
814	10
815	22
816	40
817	13
818	3
819	30
820	5
821	27
822	30
823	14
824	26
825	6
826	26
827	27
828	6
829	32
830	35
831	35
832	32
833	13
834	40
835	1
836	12
837	12
838	21
839	24
840	24
841	26
842	32
843	3
844	21
845	18
846	28
847	0
848	8
849	35
850	21
851	18
852	18
853	24
854	22
855	16
856	6
857	23
858	0
859	12
860	26
861	1
862	3
863	6
864	26
865	40
866	5
867	3
868	22
869	32
870	13
871	15
872	1
873	28
874	38
875	12
876	3
877	24
878	0
879	36
880	36
881	12
882	30
883	26
884	2
885	1
886	8
887	0
888	11
889	41
890	30
891	26
892	14
893	39
894	2
895	38
896	35
897	13
898	2
899	14
900	6
901	30
902	27
903	26
904	4
905	36
906	32
907	4
908	30
909	15
910	1
911	0
912	14
913	19
914	11
915	26
916	2
917	21
918	3
919	27
920	37
921	38
922	21
923	6
924	36
925	6
926	28
927	30
928	28
929	35
930	4
931	6
932	16
933	1
934	23
935	40
936	39
937	27
938	24
939	18
940	36
941	39
942	35
943	23
944	6
945	22
946	30
947	24
948	19
949	36
950	2
951	23
952	22
953	22
954	5
955	13
956	30
957	19
958	5
959	14
960	2
961	27
962	1
963	16
964	11
965	37
966	15
967	3
968	35
969	19
970	27
971	0
972	14
973	16
974	24
975	35
976	23
977	26
978	23
979	30
980	40
981	0
982	14
983	6
984	36
985	1
986	38
987	30
988	3
989	2
990	0
991	26
992	41
993	1
994	11
995	37
996	16
997	13
998	18
999	6
1000	35
1001	2
1002	32
1003	26
1004	1
1005	1
1006	2
1007	38
1008	2
1009	22
1010	24
1011	14
1012	28
1013	36
1014	35
1015	30
1016	0
1017	32
1018	13
1019	22
1020	12
1021	23
1022	35
1023	28
1024	38
1025	13
1026	23
1027	14
1028	2
1029	24
1030	12
1031	40
1032	19
1033	1
1034	12
1035	38
1036	12
1037	39
1038	2
1039	22
1040	14
1041	35
1042	41
1043	41
1044	28
1045	26
1046	2
1047	12
1048	21
1049	19
1050	27
1051	12
1052	12
1053	32
1054	36
1055	28
1056	8
1057	40
1058	16
1059	26
1060	19
1061	12
1062	32
1063	4
1064	37
1065	4
1066	35
1067	22
1068	5
1069	4
1070	37
1071	14
1072	36
1073	3
1074	38
1075	23
1076	12
1077	35
1078	35
1079	32
1080	32
1081	19
1082	38
1083	35
1084	28
1085	28
1086	27
1087	11
1088	0
1089	35
1090	23
1091	22
1092	40
1093	4
1094	27
1095	40
1096	11
1097	30
1098	27
1099	21
1100	8
1101	5
1102	6
1103	4
1104	12
1105	38
1106	6
1107	12
1108	19
1109	23
1110	16
1111	3
1112	14
1113	36
1114	14
1115	36
1116	14
1117	26
1118	27
1119	12
1120	38
1121	35
1122	24
1123	26
1124	19
1125	4
1126	14
1127	26
1128	14
1129	19
1130	38
1131	36
1132	30
1133	2
1134	35
1135	0
1136	40
1137	6
1138	12
1139	19
1140	39
1141	0
1142	19
1143	26
1144	16
1145	26
1146	2
1147	35
1148	35
1149	13
1150	11
1151	12
1152	18
1153	28
1154	2
1155	40
1156	12
1157	2
1158	13
1159	24
1160	36
1161	41
1162	30
1163	13
1164	8
1165	26
1166	12
1167	32
1168	27
1169	24
1170	35
1171	37
1172	3
1173	36
1174	1
1175	27
1176	13
1177	1
1178	21
1179	6
1180	32
1181	1
1182	0
1183	30
1184	4
1185	26
1186	4
1187	28
1188	32
1189	35
1190	35
1191	1
1192	12
1193	39
1194	6
1195	21
1196	35
1197	35
1198	2
1199	26
1200	22
1201	35
1202	19
1203	19
1204	30
1205	12
1206	38
1207	21
1208	35
1209	30
1210	40
1211	22
1212	32
1213	30
1214	27
1215	12
1216	27
1217	24
1218	4
1219	16
1220	6
1221	35
1222	6
1223	18
1224	38
1225	23
1226	28
1227	28
1228	23
1229	35
1230	27
1231	13
1232	37
1233	8
1234	18
1235	1
1236	30
1237	21
1238	21
1239	11
1240	28
1241	40
1242	36
1243	12
1244	14
1245	0
1246	19
1247	21
1248	37
1249	19
1250	16
1251	24
1252	23
1253	38
1254	32
1255	39
1256	39
1257	8
1258	36
1259	22
1260	5
1261	36
1262	6
1263	28
1264	41
1265	13
1266	36
1267	26
1268	12
1269	8
1270	15
1271	30
1272	36
1273	28
1274	36
1275	16
1276	39
1277	27
1278	15
1279	26
1280	13
1281	19
1282	30
1283	5
1284	19
1285	4
1286	41
1287	19
1288	39
1289	8
1290	22
1291	0
1292	39
1293	2
1294	36
1295	26
1296	4
1297	41
1298	19
1299	21
1300	39
1301	19
1302	13
1303	27
1304	23
1305	16
1306	23
1307	28
1308	18
1309	22
1310	41
1311	15
1312	1
1313	30
1314	35
1315	19
1316	38
1317	16
1318	18
1319	0
1320	30
1321	41
1322	37
1323	22
1324	13
1325	40
1326	0
1327	23
1328	35
1329	5
1330	24
1331	15
1332	39
1333	3
1334	36
1335	2
1336	27
1337	16
1338	26
1339	4
1340	12
1341	30
1342	1
1343	21
1344	38
1345	2
1346	12
1347	38
1348	35
1349	39
1350	28
1351	41
1352	28
1353	28
1354	32
1355	16
1356	6
1357	30
1358	16
1359	1
1360	23
1361	18
1362	12
1363	28
1364	16
1365	22
1366	5
1367	12
1368	32
1369	12
1370	12
1371	35
1372	30
1373	39
1374	12
1375	35
1376	35
1377	22
1378	23
1379	13
1380	6
1381	32
1382	39
1383	26
1384	35
1385	35
1386	19
1387	40
1388	24
1389	28
1390	2
1391	36
1392	28
1393	26
1394	23
1395	12
1396	35
1397	22
1398	2
1399	6
1400	4
1401	11
1402	41
1403	40
1404	18
1405	2
1406	0
1407	4
1408	39
1409	21
1410	27
1411	39
1412	30
1413	39
1414	38
1415	12
1416	2
1417	12
1418	22
1419	11
1420	39
1421	3
1422	40
1423	21
1424	39
1425	14
1426	11
1427	35
1428	36
1429	28
1430	16
1431	28
1432	30
1433	30
1434	28
1435	12
1436	28
1437	32
1438	3
1439	26
1440	21
1441	12
1442	40
1443	26
1444	12
1445	26
1446	26
1447	26
1448	37
1449	5
1450	11
1451	28
1452	8
1453	0
1454	27
1455	30
1456	32
1457	12
1458	30
1459	15
1460	21
1461	5
1462	12
1463	13
1464	32
1465	36
1466	35
1467	32
1468	28
1469	19
1470	27
1471	28
1472	26
1473	22
1474	12
1475	13
1476	15
1477	4
1478	6
1479	5
1480	18
1481	41
1482	19
1483	13
1484	27
1485	27
1486	36
1487	26
1488	8
1489	24
1490	41
1491	12
1492	32
1493	15
1494	12
1495	5
1496	24
1497	11
1498	38
1499	0
1500	12
1501	26
1502	18
1503	32
1504	38
1505	23
1506	27
1507	19
1508	4
1509	27
1510	37
1511	13
1512	22
1513	28
1514	32
1515	32
1516	19
1517	39
1518	6
1519	28
1520	28
1521	35
1522	6
1523	38
1524	26
1525	21
1526	14
1527	21
1528	32
1529	24
1530	12
1531	8
1532	32
1533	22
1534	14
1535	21
1536	27
1537	0
1538	5
1539	3
1540	22
1541	40
1542	35
1543	2
1544	30
1545	32
1546	0
1547	26
1548	12
1549	19
1550	35
1551	30
1552	26
1553	40
1554	2
1555	2
1556	32
1557	30
1558	11
1559	35
1560	15
1561	36
1562	41
1563	1
1564	19
1565	11
1566	2
1567	5
1568	6
1569	26
1570	39
1571	19
1572	38
1573	8
1574	41
1575	22
1576	23
1577	0
1578	21
1579	12
1580	35
1581	26
1582	28
1583	30
1584	40
1585	16
1586	14
1587	41
1588	35
1589	13
1590	26
1591	15
1592	2
1593	28
1594	19
1595	37
1596	38
1597	30
1598	0
1599	0
1600	19
1601	1
1602	15
1603	40
1604	2
1605	12
1606	21
1607	39
1608	26
1609	6
1610	24
1611	22
1612	30
1613	16
1614	3
1615	23
1616	11
1617	14
1618	5
1619	0
1620	14
1621	1
1622	24
1623	36
1624	30
1625	32
1626	28
1627	2
1628	24
1629	27
1630	35
1631	37
1632	26
1633	16
1634	14
1635	12
1636	26
1637	26
1638	2
1639	3
1640	35
1641	3
1642	3
1643	21
1644	2
1645	26
1646	12
1647	22
1648	12
1649	22
1650	32
1651	13
1652	41
1653	35
1654	5
1655	41
1656	35
1657	12
1658	3
1659	24
1660	39
1661	6
1662	12
1663	28
1664	6
1665	2
1666	2
1667	27
1668	3
1669	16
1670	19
1671	26
1672	26
1673	19
1674	30
1675	13
1676	0
1677	12
1678	24
1679	30
1680	40
1681	37
1682	21
1683	11
1684	36
1685	22
1686	23
1687	28
1688	23
1689	39
1690	15
1691	12
1692	23
1693	8
1694	14
1695	8
1696	39
1697	3
1698	1
1699	13
1700	28
1701	2
1702	2
1703	41
1704	1
1705	14
1706	37
1707	14
1708	16
1709	35
1710	39
1711	5
1712	6
1713	2
1714	32
1715	35
1716	23
1717	6
1718	27
1719	41
1720	8
1721	19
1722	2
1723	32
1724	32
1725	37
1726	19
1727	28
1728	27
1729	35
1730	3
1731	21
1732	30
1733	12
1734	16
1735	35
1736	13
1737	35
1738	1
1739	16
1740	2
1741	1
1742	4
1743	4
1744	19
1745	32
1746	3
1747	24
1748	38
1749	26
1750	19
1751	40
1752	3
1753	26
1754	3
1755	18
1756	21
1757	38
1758	0
1759	1
1760	19
1761	26
1762	1
1763	27
1764	16
1765	24
1766	12
1767	22
1768	13
1769	12
1770	21
1771	16
1772	21
1773	16
1774	5
1775	41
1776	30
1777	30
1778	41
1779	11
1780	21
1781	28
1782	35
1783	19
1784	28
1785	14
1786	19
1787	30
1788	35
1789	12
1790	23
1791	2
1792	3
1793	30
1794	12
1795	24
1796	38
1797	19
1798	41
1799	19
1800	37
1801	35
1802	30
1803	22
1804	38
1805	39
1806	22
1807	2
1808	26
1809	2
1810	16
1811	12
1812	6
1813	27
1814	19
1815	39
1816	35
1817	5
1818	28
1819	26
1820	15
1821	5
1822	3
1823	24
1824	5
1825	23
1826	35
1827	0
1828	32
1829	23
1830	21
1831	2
1832	32
1833	1
1834	41
1835	27
1836	35
1837	39
1838	38
1839	32
1840	35
1841	1
1842	3
1843	40
1844	32
1845	13
1846	30
1847	2
1848	37
1849	27
1850	19
1851	2
1852	1
1853	35
1854	16
1855	18
1856	8
1857	23
1858	14
1859	32
1860	28
1861	12
1862	26
1863	21
1864	6
1865	23
1866	27
1867	28
1868	30
1869	35
1870	2
1871	14
1872	27
1873	22
1874	3
1875	1
1876	13
1877	6
1878	2
1879	30
1880	5
1881	8
1882	1
1883	22
1884	14
1885	27
1886	30
1887	35
1888	6
1889	6
1890	6
1891	36
1892	24
1893	26
1894	32
1895	23
1896	28
1897	27
1898	32
1899	13
1900	19
1901	19
1902	39
1903	16
1904	32
1905	23
1906	0
1907	30
1908	8
1909	2
1910	27
1911	14
1912	27
1913	22
1914	22
1915	41
1916	15
1917	28
1918	27
1919	1
1920	24
1921	41
1922	36
1923	4
1924	23
1925	39
1926	39
1927	18
1928	38
1929	24
1930	3
1931	8
1932	21
1933	22
1934	35
1935	35
1936	3
1937	0
1938	4
1939	18
1940	1
1941	15
1942	16
1943	38
1944	28
1945	22
1946	28
1947	5
1948	30
1949	28
1950	0
1951	6
1952	5
1953	36
1954	5
1955	35
1956	5
1957	14
1958	30
1959	35
1960	40
1961	21
1962	15
1963	35
1964	15
1965	24
1966	12
1967	35
1968	16
1969	5
1970	1
1971	0
1972	37
1973	39
1974	12
1975	32
1976	16
1977	27
1978	2
1979	18
1980	36
1981	14
1982	6
1983	6
1984	13
1985	27
1986	24
1987	38
1988	8
1989	22
1990	26
1991	16
1992	3
1993	40
1994	8
1995	35
1996	0
1997	14
1998	38
1999	15
2000	12
2001	24
2002	40
2003	35
2004	27
2005	22
2006	28
2007	28
2008	22
2009	18
2010	12
2011	41
2012	1
2013	13
2014	38
2015	19
2016	3
2017	35
2018	8
2019	24
2020	15
2021	22
2022	16
2023	2
2024	0
2025	32
2026	32
2027	13
2028	1
2029	6
2030	28
2031	12
2032	36
2033	32
2034	3
2035	35
2036	6
2037	8
2038	27
2039	16
2040	4
2041	3
2042	41
2043	30
2044	1
2045	11
2046	40
2047	8
2048	5
2049	26
2050	4
2051	37
2052	24
2053	0
2054	1
2055	30
2056	16
2057	1
2058	21
2059	39
2060	18
2061	8
2062	14
2063	36
2064	39
2065	8
2066	35
2067	35
2068	13
2069	12
2070	14
2071	37
2072	16
2073	3
2074	1
2075	39
2076	11
2077	3
2078	5
2079	11
2080	40
2081	1
2082	4
2083	16
2084	5
2085	24
2086	30
2087	27
2088	4
2089	1
2090	14
2091	13
2092	27
2093	15
2094	12
2095	12
2096	24
2097	27
2098	28
2099	41
2100	41
2101	22
2102	19
2103	39
2104	22
2105	39
2106	12
2107	39
2108	14
2109	15
2110	8
2111	1
2112	11
2113	5
2114	38
2115	22
2116	32
2117	37
2118	35
2119	12
2120	30
2121	39
2122	19
2123	8
2124	0
2125	12
2126	3
2127	24
2128	1
2129	24
2130	28
2131	22
2132	36
2133	41
2134	24
2135	23
2136	22
2137	19
2138	26
2139	14
2140	19
2141	0
2142	27
2143	22
2144	19
2145	26
2146	41
2147	6
2148	15
2149	2
2150	0
2151	27
2152	32
2153	21
2154	22
2155	13
2156	14
2157	30
2158	19
2159	37
2160	1
2161	2
2162	5
2163	8
2164	1
2165	12
2166	40
2167	13
2168	40
2169	30
2170	3
2171	12
2172	2
2173	16
2174	32
2175	13
2176	13
2177	16
2178	35
2179	3
2180	14
2181	22
2182	27
2183	32
2184	38
2185	2
2186	1
2187	1
2188	40
2189	28
2190	5
2191	38
2192	38
2193	12
2194	26
2195	27
2196	30
2197	16
2198	26
2199	30
2200	3
2201	24
2202	12
2203	41
2204	41
2205	36
2206	1
2207	27
2208	27
2209	19
2210	36
2211	26
2212	2
2213	13
2214	0
2215	28
2216	32
2217	12
2218	30
2219	16
2220	36
2221	27
2222	24
2223	28
2224	41
2225	12
2226	27
2227	21
2228	40
2229	39
2230	0
2231	27
2232	19
2233	12
2234	36
2235	16
2236	30
2237	35
2238	28
2239	15
2240	30
2241	12
2242	11
2243	6
2244	1
2245	11
2246	14
2247	12
2248	39
2249	32
2250	27
2251	35
2252	4
2253	19
2254	12
2255	21
2256	23
2257	36
2258	15
2259	35
2260	30
2261	35
2262	23
2263	6
2264	38
2265	12
2266	35
2267	35
2268	24
2269	19
2270	11
2271	13
2272	16
2273	2
2274	40
2275	22
2276	23
2277	12
2278	8
2279	36
2280	26
2281	13
2282	12
2283	27
2284	30
2285	12
2286	2
2287	3
2288	27
2289	32
2290	19
2291	23
2292	28
2293	35
2294	26
2295	12
2296	14
2297	1
2298	12
2299	22
2300	0
2301	19
2302	35
2303	35
2304	0
2305	30
2306	18
2307	23
2308	24
2309	13
2310	26
2311	22
2312	1
2313	12
2314	11
2315	12
2316	35
2317	30
2318	21
2319	36
2320	32
2321	13
2322	2
2323	1
2324	1
2325	27
2326	21
2327	6
2328	12
2329	12
2330	13
2331	16
2332	27
2333	6
2334	12
2335	30
2336	2
2337	35
2338	40
2339	12
2340	28
2341	41
2342	38
2343	41
2344	6
2345	22
2346	30
2347	0
2348	0
2349	21
2350	26
2351	22
2352	27
2353	14
2354	19
2355	27
2356	2
2357	38
2358	22
2359	35
2360	5
2361	23
2362	8
2363	22
2364	30
2365	19
2366	2
2367	19
2368	23
2369	22
2370	22
2371	0
2372	28
2373	19
2374	1
2375	32
2376	35
2377	22
2378	39
2379	16
2380	1
2381	40
2382	21
2383	6
2384	35
2385	38
2386	36
2387	27
2388	2
2389	27
2390	37
2391	22
2392	4
2393	27
2394	6
2395	30
2396	16
2397	5
2398	24
2399	6
2400	6
2401	32
2402	27
2403	38
2404	28
2405	22
2406	13
2407	12
2408	21
2409	15
2410	27
2411	26
2412	8
2413	30
2414	0
2415	15
2416	13
2417	12
2418	6
2419	2
2420	15
2421	1
2422	40
2423	2
2424	32
2425	26
2426	19
2427	40
2428	27
2429	39
2430	30
2431	37
2432	1
2433	14
2434	39
2435	41
2436	27
2437	22
2438	2
2439	27
2440	12
2441	40
2442	14
2443	21
2444	39
2445	27
2446	24
2447	0
2448	6
2449	27
2450	24
2451	38
2452	13
2453	27
2454	0
2455	39
2456	21
2457	12
2458	32
2459	23
2460	27
2461	0
2462	3
2463	14
2464	35
2465	12
2466	30
2467	2
2468	14
2469	22
2470	19
2471	37
2472	12
2473	8
2474	30
2475	26
2476	21
2477	2
2478	19
2479	13
2480	35
2481	24
2482	21
2483	0
2484	2
2485	35
2486	35
2487	30
2488	21
2489	38
2490	30
2491	0
2492	27
2493	35
2494	28
2495	13
2496	27
2497	12
2498	24
2499	36
2500	28
2501	8
2502	30
2503	37
2504	41
2505	3
2506	12
2507	38
2508	21
2509	12
2510	12
2511	3
2512	23
2513	2
2514	12
2515	11
2516	39
2517	37
2518	28
2519	35
2520	14
2521	12
2522	11
2523	40
2524	24
2525	12
2526	6
2527	30
2528	39
2529	21
2530	32
2531	14
2532	21
2533	19
2534	37
2535	14
2536	24
2537	19
2538	6
2539	8
2540	2
2541	35
2542	28
2543	4
2544	41
2545	21
2546	3
2547	22
2548	41
2549	22
2550	24
2551	21
2552	19
2553	38
2554	39
2555	40
2556	30
2557	24
2558	28
2559	30
2560	8
2561	0
2562	37
2563	39
2564	23
2565	27
2566	15
2567	30
2568	2
2569	41
2570	41
2571	27
2572	19
2573	35
2574	27
2575	6
2576	19
2577	8
2578	40
2579	30
2580	3
2581	28
2582	24
2583	22
2584	12
2585	30
2586	19
2587	21
2588	16
2589	2
2590	21
2591	3
2592	19
2593	6
2594	19
2595	16
2596	12
2597	28
2598	21
2599	37
2600	1
2601	32
2602	21
2603	23
2604	2
2605	21
2606	32
2607	32
2608	5
2609	24
2610	11
2611	21
2612	35
2613	38
2614	14
2615	12
2616	2
2617	24
2618	26
2619	12
2620	40
2621	32
2622	23
2623	3
2624	8
2625	0
2626	2
2627	32
2628	35
2629	24
2630	2
2631	6
2632	35
2633	30
2634	40
2635	35
2636	4
2637	4
2638	1
2639	18
2640	40
2641	37
2642	1
2643	13
2644	1
2645	12
2646	35
2647	22
2648	35
2649	16
2650	32
2651	13
2652	4
2653	35
2654	37
2655	23
2656	40
2657	12
2658	41
2659	16
2660	35
2661	28
2662	19
2663	19
2664	39
2665	3
2666	40
2667	24
2668	26
2669	19
2670	26
2671	1
2672	12
2673	6
2674	1
2675	12
2676	27
2677	8
2678	39
2679	24
2680	35
2681	11
2682	14
2683	22
2684	0
2685	26
2686	16
2687	15
2688	2
2689	35
2690	35
2691	8
2692	30
2693	19
2694	16
2695	3
2696	15
2697	28
2698	0
2699	36
2700	41
2701	41
2702	19
2703	39
2704	41
2705	19
2706	2
2707	5
2708	4
2709	2
2710	41
2711	21
2712	41
2713	13
2714	18
2715	13
2716	38
2717	18
2718	3
2719	22
2720	5
2721	1
2722	40
2723	12
2724	40
2725	35
2726	23
2727	38
2728	2
2729	39
2730	28
2731	18
2732	12
2733	1
2734	24
2735	19
2736	19
2737	36
2738	22
2739	2
2740	1
2741	12
2742	38
2743	14
2744	12
2745	24
2746	26
2747	36
2748	12
2749	28
2750	23
2751	16
2752	2
2753	3
2754	12
2755	2
2756	14
2757	35
2758	0
2759	27
2760	38
2761	0
2762	24
2763	2
2764	1
2765	27
2766	21
2767	16
2768	0
2769	40
2770	36
2771	23
2772	22
2773	28
2774	14
2775	5
2776	26
2777	27
2778	11
2779	3
2780	8
2781	4
2782	17
2783	1
2784	30
2785	30
2786	37
2787	24
2788	1
2789	19
2790	28
2791	23
2792	3
2793	2
2794	26
2795	36
2796	36
2797	12
2798	12
2799	24
2800	8
2801	35
2802	21
2803	1
2804	30
2805	39
2806	18
2807	32
2808	38
2809	19
2810	6
2811	8
2812	6
2813	12
2814	23
2815	1
2816	6
2817	3
2818	21
2819	23
2820	4
2821	4
2822	0
2823	40
2824	22
2825	30
2826	15
2827	0
2828	15
2829	14
2830	32
2831	6
2832	16
2833	40
2834	36
2835	22
2836	0
2837	30
2838	22
2839	23
2840	39
2841	22
2842	4
2843	24
2844	21
2845	22
2846	32
2847	28
2848	14
2849	1
2850	6
2851	19
2852	1
2853	41
2854	3
2855	40
2856	24
2857	18
2858	16
2859	27
2860	12
2861	19
2862	22
2863	1
2864	5
2865	23
2866	32
2867	32
2868	23
2869	6
2870	35
2871	2
2872	19
2873	5
2874	13
2875	35
2876	11
2877	21
2878	35
2879	19
2880	35
2881	27
2882	28
2883	0
2884	6
2885	36
2886	37
2887	39
2888	36
2889	40
2890	37
2891	18
2892	27
2893	30
2894	28
2895	22
2896	19
2897	26
2898	39
2899	28
2900	1
2901	12
2902	21
2903	41
2904	36
2905	14
2906	13
2907	0
2908	22
2909	15
2910	27
2911	27
2912	15
2913	27
2914	26
2915	28
2916	14
2917	2
2918	16
2919	26
2920	32
2921	22
2922	5
2923	27
2924	15
2925	39
2926	0
2927	4
2928	39
2929	39
2930	39
2931	12
2932	11
2933	40
2934	12
2935	36
2936	27
2937	24
2938	8
2939	3
2940	27
2941	30
2942	28
2943	32
2944	1
2945	27
2946	12
2947	5
2948	24
2949	28
2950	16
2951	26
2952	19
2953	40
2954	39
2955	14
2956	22
2957	19
2958	14
2959	21
2960	14
2961	12
2962	26
2963	35
2964	12
2965	12
2966	2
2967	2
2968	4
2969	11
2970	39
2971	23
2972	37
2973	21
2974	18
2975	40
2976	30
2977	39
2978	23
2979	22
2980	30
2981	13
2982	27
2983	24
2984	21
2985	3
2986	12
2987	28
2988	30
2989	28
2990	35
2991	36
2992	35
2993	23
2994	1
2995	0
2996	8
2997	30
2998	1
2999	39
3000	18
3001	37
3002	38
3003	0
3004	28
3005	36
3006	1
3007	30
3008	30
3009	22
3010	6
3011	28
3012	14
3013	21
3014	2
3015	18
3016	2
3017	0
3018	3
3019	8
3020	24
3021	37
3022	2
3023	22
3024	30
3025	12
3026	35
3027	15
3028	19
3029	12
3030	26
3031	12
3032	8
3033	30
3034	36
3035	30
3036	26
3037	36
3038	18
3039	27
3040	35
3041	5
3042	36
3043	27
3044	13
3045	35
3046	39
3047	27
3048	1
3049	12
3050	21
3051	41
3052	28
3053	26
3054	36
3055	39
3056	38
3057	22
3058	21
3059	18
3060	5
3061	0
3062	41
3063	24
3064	19
3065	38
3066	30
3067	38
3068	36
3069	3
3070	16
3071	23
3072	11
3073	36
3074	38
3075	5
3076	32
3077	39
3078	28
3079	1
3080	38
3081	24
3082	28
3083	38
3084	26
3085	32
3086	11
3087	21
3088	30
3089	13
3090	41
3091	16
3092	5
3093	4
3094	12
3095	14
3096	4
3097	35
3098	5
3099	35
3100	6
3101	8
3102	8
3103	19
3104	19
3105	0
3106	8
3107	32
3108	5
3109	26
3110	21
3111	0
3112	37
3113	13
3114	35
3115	16
3116	35
3117	28
3118	12
3119	4
3120	5
3121	35
3122	30
3123	3
3124	21
3125	6
3126	22
3127	41
3128	12
3129	32
3130	38
3131	27
3132	39
3133	32
3134	19
3135	40
3136	39
3137	12
3138	38
3139	39
3140	27
3141	13
3142	4
3143	2
3144	40
3145	28
3146	6
3147	12
3148	11
3149	28
3150	22
3151	16
3152	38
3153	3
3154	27
3155	22
3156	16
3157	40
3158	36
3159	19
3160	14
3161	19
3162	2
3163	6
3164	14
3165	1
3166	27
3167	26
3168	2
3169	39
3170	19
3171	30
3172	15
3173	22
3174	16
3175	3
3176	26
3177	35
3178	23
3179	22
3180	35
3181	32
3182	32
3183	30
3184	5
3185	37
3186	3
3187	13
3188	23
3189	40
3190	24
3191	26
3192	41
3193	15
3194	35
3195	13
3196	21
3197	26
3198	41
3199	39
3200	22
3201	22
3202	35
3203	30
3204	27
3205	38
3206	39
3207	27
3208	6
3209	16
3210	6
3211	21
3212	40
3213	41
3214	35
3215	12
3216	12
3217	38
3218	14
3219	19
3220	3
3221	2
3222	41
3223	2
3224	2
3225	24
3226	16
3227	41
3228	4
3229	30
3230	13
3231	3
3232	0
3233	36
3234	2
3235	40
3236	35
3237	27
3238	36
3239	39
3240	2
3241	3
3242	27
3243	41
3244	35
3245	38
3246	22
3247	15
3248	30
3249	8
3250	24
3251	12
3252	12
3253	14
3254	11
3255	21
3256	0
3257	18
3258	32
3259	40
3260	8
3261	12
3262	0
3263	12
3264	2
3265	0
3266	12
3267	36
3268	36
3269	30
3270	14
3271	36
3272	12
3273	30
3274	36
3275	2
3276	5
3277	37
3278	12
3279	36
3280	28
3281	1
3282	1
3283	32
3284	22
3285	16
3286	12
3287	35
3288	2
3289	19
3290	5
3291	36
3292	28
3293	24
3294	21
3295	6
3296	6
3297	1
3298	38
3299	23
3300	24
3301	11
3302	30
3303	19
3304	27
3305	22
3306	16
3307	23
3308	12
3309	18
3310	1
3311	23
3312	12
3313	6
3314	6
3315	38
3316	30
3317	38
3318	26
3319	12
3320	22
3321	14
3322	30
3323	3
3324	37
3325	39
3326	26
3327	1
3328	14
3329	22
3330	24
3331	28
3332	12
3333	2
3334	22
3335	30
3336	21
3337	12
3338	3
3339	12
3340	16
3341	26
3342	16
3343	19
3344	1
3345	14
3346	38
3347	14
3348	26
3349	23
3350	35
3351	11
3352	18
3353	0
3354	6
3355	30
3356	21
3357	16
3358	16
3359	0
3360	32
3361	21
3362	38
3363	36
3364	19
3365	39
3366	32
3367	6
3368	12
3369	14
3370	15
3371	38
3372	1
3373	14
3374	6
3375	13
3376	19
3377	19
3378	38
3379	16
3380	5
3381	19
3382	38
3383	16
3384	27
3385	40
3386	24
3387	39
3388	1
3389	27
3390	24
3391	12
3392	13
3393	30
3394	13
3395	32
3396	14
3397	30
3398	28
3399	13
3400	1
3401	13
3402	6
3403	41
3404	12
3405	32
3406	22
3407	6
3408	8
3409	32
3410	36
3411	40
3412	38
3413	23
3414	2
3415	19
3416	11
3417	23
3418	23
3419	12
3420	2
3421	37
3422	36
3423	16
3424	26
3425	38
3426	36
3427	6
3428	19
3429	16
3430	38
3431	12
3432	28
3433	27
3434	15
3435	41
3436	27
3437	23
3438	21
3439	19
3440	0
3441	23
3442	41
3443	40
3444	16
3445	16
3446	28
3447	39
3448	36
3449	35
3450	28
3451	24
3452	22
3453	40
3454	0
3455	41
3456	27
3457	3
3458	27
3459	27
3460	12
3461	8
3462	23
3463	40
3464	13
3465	6
3466	4
3467	39
3468	2
3469	13
3470	24
3471	30
3472	24
3473	5
3474	39
3475	41
3476	30
3477	13
3478	22
3479	12
3480	16
3481	16
3482	28
3483	38
3484	30
3485	22
3486	28
3487	39
3488	28
3489	23
3490	32
3491	36
3492	28
3493	39
3494	19
3495	39
3496	8
3497	28
3498	35
3499	37
3500	0
3501	1
3502	12
3503	3
3504	19
3505	30
3506	24
3507	35
3508	12
3509	22
3510	23
3511	18
3512	14
3513	22
3514	30
3515	14
3516	26
3517	36
3518	24
3519	21
3520	13
3521	8
3522	26
3523	15
3524	40
3525	36
3526	8
3527	19
3528	35
3529	28
3530	39
3531	13
3532	26
3533	28
3534	3
3535	35
3536	13
3537	1
3538	11
3539	4
3540	11
3541	18
3542	26
3543	12
3544	3
3545	22
3546	39
3547	35
3548	16
3549	32
3550	1
3551	14
3552	30
3553	13
3554	16
3555	16
3556	12
3557	35
3558	16
3559	12
3560	35
3561	11
3562	35
3563	3
3564	35
3565	39
3566	0
3567	13
3568	5
3569	39
3570	27
3571	28
3572	12
3573	1
3574	6
3575	12
3576	26
3577	3
3578	5
3579	41
3580	30
3581	36
3582	13
3583	11
3584	6
3585	28
3586	14
3587	16
3588	38
3589	35
3590	28
3591	39
3592	39
3593	27
3594	35
3595	15
3596	19
3597	13
3598	26
3599	19
3600	18
3601	21
3602	27
3603	14
3604	40
3605	22
3606	8
3607	28
3608	2
3609	2
3610	36
3611	30
3612	22
3613	8
3614	2
3615	19
3616	35
3617	39
3618	12
3619	12
3620	39
3621	12
3622	27
3623	0
3624	1
3625	2
3626	1
3627	22
3628	1
3629	2
3630	12
3631	27
3632	13
3633	37
3634	35
3635	12
3636	37
3637	15
3638	3
3639	24
3640	12
3641	36
3642	19
3643	27
3644	32
3645	35
3646	26
3647	41
3648	4
3649	35
3650	16
3651	1
3652	22
3653	1
3654	6
3655	8
3656	37
3657	19
3658	27
3659	16
3660	15
3661	12
3662	41
3663	32
3664	27
3665	21
3666	28
3667	32
3668	12
3669	27
3670	38
3671	41
3672	5
3673	13
3674	12
3675	23
3676	27
3677	40
3678	6
3679	36
3680	40
3681	1
3682	40
3683	26
3684	3
3685	35
3686	24
3687	27
3688	21
3689	26
3690	13
3691	2
3692	39
3693	38
3694	27
3695	14
3696	3
3697	36
3698	12
3699	12
3700	36
3701	21
3702	22
3703	39
3704	41
3705	39
3706	13
3707	6
3708	16
3709	14
3710	19
3711	32
3712	14
3713	21
3714	12
3715	14
3716	36
3717	11
3718	5
3719	22
3720	28
3721	3
3722	1
3723	26
3724	39
3725	30
3726	27
3727	12
3728	19
3729	0
3730	6
3731	35
3732	18
3733	1
3734	2
3735	21
3736	27
3737	22
3738	1
3739	2
3740	12
3741	19
3742	35
3743	27
3744	38
3745	1
3746	2
3747	36
3748	39
3749	37
3750	22
3751	39
3752	12
3753	2
3754	40
3755	22
3756	26
3757	13
3758	0
3759	2
3760	24
3761	40
3762	14
3763	36
3764	12
3765	36
3766	21
3767	41
3768	16
3769	1
3770	0
3771	13
3772	1
3773	16
3774	5
3775	2
3776	32
3777	21
3778	30
3779	32
3780	39
3781	22
3782	35
3783	36
3784	36
3785	22
3786	6
3787	35
3788	28
3789	23
3790	13
3791	6
3792	12
3793	24
3794	12
3795	23
3796	35
3797	39
3798	3
3799	35
3800	1
3801	16
3802	32
3803	39
3804	3
3805	14
3806	13
3807	22
3808	22
3809	12
3810	8
3811	30
3812	26
3813	18
3814	14
3815	18
3816	1
3817	5
3818	13
3819	5
3820	28
3821	35
3822	28
3823	28
3824	35
3825	19
3826	19
3827	40
3828	40
3829	14
3830	30
3831	24
3832	41
3833	40
3834	35
3835	13
3836	24
3837	18
3838	35
3839	2
3840	24
3841	8
3842	21
3843	13
3844	30
3845	21
3846	39
3847	21
3848	28
3849	8
3850	8
3851	28
3852	39
3853	30
3854	8
3855	26
3856	15
3857	13
3858	19
3859	14
3860	28
3861	36
3862	32
3863	13
3864	35
3865	13
3866	36
3867	12
3868	18
3869	1
3870	23
3871	30
3872	12
3873	26
3874	6
3875	22
3876	28
3877	12
3878	2
3879	14
3880	22
3881	28
3882	0
3883	39
3884	28
3885	3
3886	27
3887	26
3888	12
3889	2
3890	4
3891	26
3892	0
3893	39
3894	37
3895	15
3896	35
3897	35
3898	0
3899	30
3900	16
3901	30
3902	23
3903	0
3904	8
3905	5
3906	12
3907	11
3908	14
3909	24
3910	38
3911	1
3912	35
3913	1
3914	23
3915	14
3916	2
3917	3
3918	1
3919	37
3920	14
3921	22
3922	27
3923	28
3924	38
3925	32
3926	36
3927	13
3928	2
3929	35
3930	14
3931	13
3932	3
3933	12
3934	15
3935	22
3936	39
3937	24
3938	28
3939	8
3940	12
3941	12
3942	13
3943	40
3944	12
3945	8
3946	35
3947	39
3948	35
3949	0
3950	0
3951	28
3952	2
3953	18
3954	28
3955	0
3956	21
3957	16
3958	35
3959	12
3960	24
3961	27
3962	22
3963	19
3964	13
3965	28
3966	30
3967	4
3968	15
3969	4
3970	30
3971	27
3972	35
3973	12
3974	4
3975	6
3976	30
3977	23
3978	23
3979	39
3980	2
3981	15
3982	1
3983	19
3984	36
3985	8
3986	15
3987	39
3988	16
3989	19
3990	23
3991	39
3992	16
3993	5
3994	28
3995	35
3996	15
3997	3
3998	38
3999	5
4000	12
4001	1
4002	22
4003	2
4004	4
4005	30
4006	37
4007	0
4008	6
4009	6
4010	21
4011	5
4012	32
4013	36
4014	41
4015	35
4016	32
4017	1
4018	1
4019	2
4020	8
4021	30
4022	19
4023	30
4024	5
4025	3
4026	6
4027	36
4028	1
4029	24
4030	36
4031	14
4032	16
4033	8
4034	30
4035	4
4036	13
4037	22
4038	6
4039	26
4040	0
4041	35
4042	8
4043	11
4044	16
4045	36
4046	30
4047	30
4048	0
4049	6
4050	36
4051	13
4052	3
4053	27
4054	40
4055	12
4056	26
4057	28
4058	24
4059	12
4060	18
4061	12
4062	32
4063	21
4064	27
4065	3
4066	11
4067	26
4068	13
4069	21
4070	23
4071	13
4072	26
4073	41
4074	27
4075	24
4076	27
4077	6
4078	1
4079	41
4080	38
4081	28
4082	22
4083	24
4084	35
4085	27
4086	2
4087	15
4088	24
4089	1
4090	8
4091	38
4092	37
4093	24
4094	40
4095	23
4096	39
4097	0
4098	22
4099	21
4100	12
4101	27
4102	32
4103	1
4104	4
4105	35
4106	38
4107	30
4108	40
4109	14
4110	38
4111	2
4112	35
4113	5
4114	22
4115	30
4116	16
4117	32
4118	13
4119	11
4120	1
4121	23
4122	35
4123	8
4124	14
4125	19
4126	27
4127	23
4128	2
4129	37
4130	12
4131	19
4132	23
4133	39
4134	18
4135	13
4136	13
4137	18
4138	16
4139	11
4140	11
4141	28
4142	3
4143	24
4144	15
4145	2
4146	2
4147	0
4148	32
4149	6
4150	3
4151	3
4152	35
4153	5
4154	23
4155	5
4156	35
4157	4
4158	1
4159	12
4160	37
4161	5
4162	4
4163	19
4164	40
4165	1
4166	36
4167	27
4168	0
4169	32
4170	30
4171	16
4172	26
4173	13
4174	35
4175	37
4176	41
4177	11
4178	30
4179	1
4180	0
4181	27
4182	35
4183	1
4184	11
4185	1
4186	32
4187	30
4188	30
4189	8
4190	28
4191	24
4192	39
4193	39
4194	39
4195	35
4196	16
4197	18
4198	37
4199	36
4200	28
4201	1
4202	19
4203	23
4204	0
4205	30
4206	36
4207	27
4208	22
4209	6
4210	24
4211	21
4212	28
4213	27
4214	39
4215	0
4216	26
4217	1
4218	3
4219	13
4220	0
4221	2
4222	8
4223	8
4224	16
4225	8
4226	22
4227	13
4228	12
4229	19
4230	2
4231	39
4232	26
4233	21
4234	30
4235	22
4236	8
4237	12
4238	38
4239	4
4240	36
4241	3
4242	8
4243	19
4244	19
4245	6
4246	24
4247	22
4248	13
4249	5
4250	14
4251	2
4252	2
4253	37
4254	18
4255	13
4256	30
4257	37
4258	16
4259	22
4260	18
4261	19
4262	36
4263	35
4264	28
4265	8
4266	23
4267	39
4268	0
4269	35
4270	23
4271	21
4272	2
4273	39
4274	21
4275	26
4276	35
4277	23
4278	19
4279	32
4280	13
4281	22
4282	1
4283	28
4284	40
4285	30
4286	12
4287	32
4288	21
4289	18
4290	22
4291	12
4292	39
4293	38
4294	22
4295	40
4296	12
4297	27
4298	37
4299	32
4300	11
4301	12
4302	35
4303	39
4304	12
4305	30
4306	2
4307	5
4308	4
4309	39
4310	18
4311	0
4312	14
4313	2
4314	11
4315	39
4316	11
4317	12
4318	8
4319	41
4320	27
4321	30
4322	14
4323	39
4324	32
4325	6
4326	13
4327	13
4328	38
4329	13
4330	11
4331	28
4332	24
4333	28
4334	12
4335	24
4336	30
4337	24
4338	37
4339	0
4340	35
4341	12
4342	14
4343	24
4344	26
4345	28
4346	11
4347	12
4348	35
4349	0
4350	39
4351	22
4352	12
4353	36
4354	22
4355	1
4356	24
4357	40
4358	14
4359	15
4360	6
4361	37
4362	12
4363	6
4364	30
4365	40
4366	21
4367	35
4368	2
4369	6
4370	2
4371	22
4372	3
4373	39
4374	27
4375	28
4376	14
4377	26
4378	8
4379	1
4380	30
4381	3
4382	6
4383	21
4384	5
4385	24
4386	12
4387	27
4388	30
4389	16
4390	11
4391	13
4392	41
4393	41
4394	19
4395	12
4396	35
4397	30
4398	39
4399	26
4400	1
4401	35
4402	8
4403	16
4404	13
4405	35
4406	30
4407	19
4408	6
4409	35
4410	16
4411	4
4412	0
4413	0
4414	21
4415	32
4416	5
4417	6
4418	18
4419	26
4420	32
4421	12
4422	28
4423	14
4424	39
4425	23
4426	27
4427	41
4428	8
4429	14
4430	12
4431	2
4432	22
4433	1
4434	38
4435	39
4436	3
4437	28
4438	38
4439	36
4440	41
4441	19
4442	4
4443	28
4444	8
4445	12
4446	26
4447	13
4448	28
4449	40
4450	6
4451	30
4452	36
4453	2
4454	8
4455	28
4456	2
4457	35
4458	1
4459	16
4460	36
4461	27
4462	13
4463	27
4464	27
4465	3
4466	2
4467	14
4468	27
4469	16
4470	30
4471	40
4472	15
4473	41
4474	28
4475	2
4476	23
4477	13
4478	16
4479	26
4480	28
4481	12
4482	22
4483	21
4484	24
4485	13
4486	3
4487	19
4488	27
4489	2
4490	38
4491	32
4492	22
4493	21
4494	19
4495	32
4496	26
4497	28
4498	30
4499	4
4500	40
4501	39
4502	18
4503	23
4504	23
4505	6
4506	22
4507	6
4508	0
4509	35
4510	8
4511	40
4512	39
4513	1
4514	1
4515	16
4516	37
4517	32
4518	27
4519	21
4520	22
4521	1
4522	36
4523	40
4524	38
4525	26
4526	22
4527	28
4528	12
4529	16
4530	30
4531	41
4532	35
4533	19
4534	40
4535	1
4536	40
4537	24
4538	22
4539	15
4540	0
4541	6
4542	41
4543	16
4544	28
4545	37
4546	38
4547	30
4548	35
4549	30
4550	36
4551	32
4552	13
4553	40
4554	28
4555	8
4556	8
4557	13
4558	39
4559	26
4560	41
4561	24
4562	14
4563	30
4564	13
4565	2
4566	23
4567	5
4568	2
4569	19
4570	5
4571	4
4572	5
4573	35
4574	22
4575	26
4576	14
4577	27
4578	1
4579	13
4580	40
4581	19
4582	6
4583	13
4584	8
4585	28
4586	0
4587	12
4588	38
4589	30
4590	5
4591	0
4592	0
4593	27
4594	40
4595	1
4596	13
4597	27
4598	3
4599	40
4600	22
4601	22
4602	12
4603	23
4604	39
4605	4
4606	1
4607	14
4608	18
4609	16
4610	38
4611	27
4612	20
4613	38
4614	13
4615	12
4616	26
4617	19
4618	28
4619	38
4620	36
4621	35
4622	12
4623	30
4624	35
4625	30
4626	2
4627	37
4628	12
4629	12
4630	8
4631	26
4632	37
4633	12
4634	19
4635	32
4636	8
4637	35
4638	16
4639	22
4640	40
4641	37
4642	5
4643	22
4644	28
4645	38
4646	6
4647	24
4648	40
4649	26
4650	16
4651	0
4652	12
4653	3
4654	23
4655	22
4656	18
4657	1
4658	14
4659	6
4660	15
4661	27
4662	6
4663	16
4664	18
4665	12
4666	16
4667	13
4668	27
4669	16
4670	39
4671	1
4672	12
4673	37
4674	40
4675	39
4676	1
4677	24
4678	27
4679	21
4680	39
4681	19
4682	1
4683	8
4684	30
4685	14
4686	40
4687	1
4688	12
4689	39
4690	11
4691	38
4692	2
4693	18
4694	4
4695	14
4696	12
4697	5
4698	35
4699	35
4700	12
4701	37
4702	39
4703	32
4704	12
4705	14
4706	22
4707	40
4708	30
4709	38
4710	4
4711	11
4712	19
4713	22
4714	24
4715	2
4716	8
4717	13
4718	12
4719	30
4720	11
4721	5
4722	27
4723	6
4724	28
4725	26
4726	18
4727	8
4728	14
4729	26
4730	26
4731	18
4732	1
4733	18
4734	21
4735	2
4736	32
4737	3
4738	37
4739	32
4740	39
4741	16
4742	24
4743	2
4744	16
4745	30
4746	30
4747	23
4748	35
4749	41
4750	32
4751	30
4752	41
4753	5
4754	4
4755	16
4756	6
4757	36
4758	8
4759	37
4760	12
4761	11
4762	12
4763	23
4764	30
4765	30
4766	13
4767	2
4768	30
4769	38
4770	14
4771	37
4772	18
4773	22
4774	30
4775	26
4776	5
4777	35
4778	4
4779	19
4780	38
4781	4
4782	23
4783	35
4784	39
4785	18
4786	35
4787	26
4788	1
4789	32
4790	26
4791	27
4792	41
4793	30
4794	0
4795	11
4796	32
4797	35
4798	0
4799	19
4800	38
4801	12
4802	8
4803	6
4804	24
4805	32
4806	23
4807	21
4808	27
4809	12
4810	23
4811	35
4812	23
4813	22
4814	4
4815	0
4816	14
4817	37
4818	6
4819	35
4820	40
4821	30
4822	12
4823	2
4824	28
4825	32
4826	35
4827	37
4828	23
4829	40
4830	38
4831	41
4832	16
4833	36
4834	28
4835	4
4836	35
4837	14
4838	38
4839	40
4840	3
4841	32
4842	30
4843	35
4844	15
4845	27
4846	13
4847	26
4848	11
4849	23
4850	16
4851	11
4852	5
4853	27
4854	27
4855	12
4856	27
4857	5
4858	19
4859	6
4860	30
4861	28
4862	23
4863	1
4864	32
4865	4
4866	12
4867	0
4868	39
4869	38
4870	0
4871	12
4872	35
4873	6
4874	35
4875	5
4876	4
4877	8
4878	23
4879	12
4880	8
4881	24
4882	37
4883	14
4884	26
4885	30
4886	23
4887	16
4888	3
4889	1
4890	2
4891	39
4892	16
4893	38
4894	23
4895	12
4896	0
4897	15
4898	19
4899	41
4900	22
4901	35
4902	32
4903	1
4904	39
4905	22
4906	12
4907	21
4908	6
4909	39
4910	32
4911	12
4912	35
4913	12
4914	37
4915	14
4916	27
4917	18
4918	24
4919	16
4920	8
4921	4
4922	23
4923	27
4924	12
4925	1
4926	39
4927	37
4928	35
4929	27
4930	2
4931	32
4932	4
4933	35
4934	21
4935	21
4936	41
4937	37
4938	28
4939	5
4940	19
4941	35
4942	4
4943	19
4944	22
4945	19
4946	8
4947	36
4948	12
4949	26
4950	1
4951	22
4952	27
4953	3
4954	38
4955	3
4956	26
4957	35
4958	23
4959	28
4960	13
4961	40
4962	39
4963	35
4964	22
4965	6
4966	27
4967	21
4968	16
4969	6
4970	35
4971	19
4972	22
4973	27
4974	18
4975	27
4976	5
4977	4
4978	36
4979	22
4980	16
4981	37
4982	35
4983	28
4984	12
4985	14
4986	15
4987	30
4988	19
4989	2
4990	41
4991	41
4992	6
4993	14
4994	5
4995	36
4996	21
4997	24
4998	8
4999	22
5000	27
5001	40
5002	28
5003	37
5004	40
5005	27
5006	13
5007	22
5008	35
5009	1
5010	37
5011	12
5012	30
5013	30
5014	40
5015	27
5016	32
5017	14
5018	12
5019	24
5020	28
5021	19
5022	5
5023	0
5024	27
5025	3
5026	21
5027	27
5028	15
5029	38
5030	13
5031	5
5032	22
5033	30
5034	22
5035	3
5036	12
5037	1
5038	32
5039	19
5040	5
5041	19
5042	14
5043	8
5044	14
5045	32
5046	19
5047	18
5048	19
5049	40
5050	19
5051	4
5052	16
5053	22
5054	35
5055	3
5056	37
5057	35
5058	5
5059	23
5060	40
5061	15
5062	22
5063	24
5064	39
5065	21
5066	39
5067	3
5068	16
5069	24
5070	2
5071	14
5072	2
5073	19
5074	41
5075	23
5076	32
5077	1
5078	14
5079	37
5080	40
5081	13
5082	22
5083	11
5084	21
5085	23
5086	13
5087	0
5088	21
5089	3
5090	1
5091	4
5092	2
5093	12
5094	26
5095	37
5096	2
5097	6
5098	19
5099	12
5100	12
5101	13
5102	36
5103	32
5104	5
5105	19
5106	6
5107	0
5108	39
5109	11
5110	12
5111	28
5112	41
5113	18
5114	41
5115	41
5116	2
5117	30
5118	35
5119	19
5120	36
5121	35
5122	27
5123	27
5124	0
5125	35
5126	24
5127	12
5128	5
5129	8
5130	0
5131	37
5132	12
5133	21
5134	6
5135	39
5136	5
5137	24
5138	32
5139	30
5140	28
5141	5
5142	22
5143	28
5144	22
5145	27
5146	22
5147	12
5148	40
5149	32
5150	15
5151	0
5152	8
5153	16
5154	6
5155	40
5156	8
5157	24
5158	1
5159	28
5160	12
5161	2
5162	35
5163	22
5164	24
5165	18
5166	14
5167	12
5168	37
5169	8
5170	6
5171	0
5172	5
5173	12
5174	35
5175	19
5176	39
5177	28
5178	30
5179	21
5180	2
5181	3
5182	39
5183	16
5184	4
5185	37
5186	38
5187	35
5188	27
5189	38
5190	12
5191	3
5192	0
5193	27
5194	12
5195	19
5196	39
5197	39
5198	28
5199	8
5200	16
5201	40
5202	40
5203	5
5204	32
5205	27
5206	23
5207	35
5208	16
5209	41
5210	8
5211	30
5212	2
5213	14
5214	1
5215	15
5216	0
5217	28
5218	18
5219	22
5220	8
5221	18
5222	11
5223	1
5224	1
5225	35
5226	24
5227	35
5228	28
5229	39
5230	21
5231	6
5232	4
5233	22
5234	35
5235	15
5236	23
5237	5
5238	39
5239	14
5240	6
5241	23
5242	36
5243	15
5244	38
5245	22
5246	11
5247	14
5248	11
5249	40
5250	36
5251	6
5252	13
5253	38
5254	3
5255	18
5256	30
5257	37
5258	39
5259	1
5260	13
5261	24
5262	23
5263	13
5264	27
5265	28
5266	14
5267	0
5268	6
5269	13
5270	12
5271	6
5272	22
5273	30
5274	35
5275	35
5276	41
5277	22
5278	22
5279	19
5280	40
5281	24
5282	35
5283	2
5284	30
5285	0
5286	13
5287	16
5288	27
5289	40
5290	27
5291	39
5292	16
5293	5
5294	28
5295	11
5296	1
5297	35
5298	2
5299	39
5300	32
5301	1
5302	38
5303	35
5304	26
5305	30
5306	30
5307	40
5308	13
5309	27
5310	2
5311	18
5312	5
5313	12
5314	28
5315	41
5316	19
5317	24
5318	35
5319	21
5320	21
5321	13
5322	1
5323	41
5324	27
5325	41
5326	23
5327	4
5328	35
5329	19
5330	5
5331	5
5332	12
5333	19
5334	11
5335	15
5336	6
5337	27
5338	24
5339	22
5340	5
5341	21
5342	36
5343	14
5344	12
5345	12
5346	13
5347	40
5348	12
5349	2
5350	38
5351	40
5352	23
5353	21
5354	39
5355	23
5356	39
5357	14
5358	2
5359	19
5360	2
5361	3
5362	22
5363	2
5364	39
5365	35
5366	35
5367	16
5368	19
5369	2
5370	5
5371	26
5372	16
5373	41
5374	22
5375	22
5376	3
5377	2
5378	39
5379	24
5380	11
5381	19
5382	21
5383	28
5384	39
5385	14
5386	14
5387	40
5388	4
5389	38
5390	8
5391	0
5392	19
5393	32
5394	4
5395	3
5396	26
5397	30
5398	21
5399	28
5400	6
5401	22
5402	12
5403	39
5404	8
5405	18
5406	12
5407	28
5408	21
5409	27
5410	22
5411	2
5412	16
5413	12
5414	1
5415	28
5416	35
5417	5
5418	23
5419	19
5420	2
5421	38
5422	39
5423	27
5424	41
5425	14
5426	36
5427	32
5428	0
5429	24
5430	24
5431	40
5432	1
5433	25
5434	36
5435	26
5436	23
5437	8
5438	2
5439	22
5440	15
5441	41
5442	36
5443	11
5444	38
5445	4
5446	22
5447	27
5448	32
5449	30
5450	24
5451	23
5452	22
5453	30
5454	39
5455	38
5456	12
5457	35
5458	12
5459	19
5460	12
5461	39
5462	8
5463	8
5464	3
5465	23
5466	18
5467	36
5468	6
5469	3
5470	41
5471	39
5472	13
5473	21
5474	35
5475	21
5476	37
5477	30
5478	38
5479	26
5480	27
5481	13
5482	12
5483	24
5484	30
5485	12
5486	26
5487	3
5488	28
5489	21
5490	18
5491	26
5492	12
5493	41
5494	35
5495	18
5496	12
5497	15
5498	15
5499	2
5500	8
5501	0
5502	3
5503	27
5504	36
5505	22
5506	14
5507	26
5508	5
5509	5
5510	27
5511	14
5512	6
5513	27
5514	26
5515	18
5516	11
5517	32
5518	5
5519	1
5520	26
5521	6
5522	6
5523	22
5524	15
5525	22
5526	39
5527	21
5528	24
5529	30
5530	40
5531	5
5532	4
5533	26
5534	2
5535	27
5536	27
5537	1
5538	1
5539	22
5540	28
5541	32
5542	21
5543	2
5544	39
5545	40
5546	30
5547	15
5548	35
5549	6
5550	38
5551	15
5552	37
5553	14
5554	4
5555	23
5556	35
5557	13
5558	23
5559	8
5560	35
5561	6
5562	15
5563	8
5564	40
5565	0
5566	27
5567	2
5568	23
5569	26
5570	15
5571	12
5572	41
5573	37
5574	26
5575	0
5576	6
5577	32
5578	15
5579	35
5580	24
5581	24
5582	2
5583	2
5584	16
5585	4
5586	30
5587	5
5588	23
5589	24
5590	23
5591	41
5592	40
5593	36
5594	14
5595	13
5596	26
5597	5
5598	23
5599	41
5600	30
5601	35
5602	22
5603	19
5604	16
5605	19
5606	16
5607	19
5608	37
5609	23
5610	14
5611	40
5612	36
5613	27
5614	2
5615	2
5616	12
5617	2
5618	19
5619	30
5620	41
5621	1
5622	41
5623	40
5624	30
5625	5
5626	12
5627	13
5628	27
5629	28
5630	1
5631	21
5632	6
5633	13
5634	5
5635	1
5636	39
5637	16
5638	24
5639	35
5640	27
5641	40
5642	21
5643	5
5644	30
5645	35
5646	24
5647	39
5648	41
5649	32
5650	35
5651	27
5652	12
5653	4
5654	39
5655	3
5656	13
5657	37
5658	19
5659	18
5660	39
5661	27
5662	24
5663	36
5664	30
5665	19
5666	38
5667	26
5668	0
5669	35
5670	5
5671	12
5672	26
5673	28
5674	19
5675	40
5676	0
5677	27
5678	35
5679	28
5680	1
5681	15
5682	28
5683	0
5684	32
5685	41
5686	28
5687	12
5688	0
5689	6
5690	40
5691	24
5692	30
5693	21
5694	12
5695	12
5696	3
5697	0
5698	39
5699	38
5700	11
5701	23
5702	1
5703	32
5704	13
5705	2
5706	19
5707	8
5708	12
5709	3
5710	15
5711	0
5712	27
5713	5
5714	14
5715	40
5716	12
5717	39
5718	40
5719	19
5720	41
5721	13
5722	1
5723	16
5724	40
5725	32
5726	22
5727	27
5728	40
5729	23
5730	28
5731	35
5732	28
5733	36
5734	39
5735	16
5736	12
5737	41
5738	40
5739	26
5740	21
5741	39
5742	41
5743	5
5744	5
5745	37
5746	2
5747	39
5748	14
5749	1
5750	2
5751	19
5752	40
5753	30
5754	24
5755	8
5756	6
5757	35
5758	6
5759	16
5760	35
5761	16
5762	27
5763	0
5764	19
5765	21
5766	22
5767	24
5768	23
5769	40
5770	6
5771	24
5772	38
5773	0
5774	32
5775	1
5776	21
5777	30
5778	6
5779	38
5780	12
5781	39
5782	4
5783	30
5784	15
5785	19
5786	30
5787	13
5788	4
5789	14
5790	13
5791	26
5792	27
5793	19
5794	3
5795	14
5796	36
5797	21
5798	37
5799	14
5800	22
5801	32
5802	8
5803	15
5804	12
5805	32
5806	35
5807	35
5808	19
5809	5
5810	13
5811	26
5812	3
5813	0
5814	35
5815	4
5816	38
5817	2
5818	27
5819	28
5820	27
5821	1
5822	3
5823	30
5824	4
5825	21
5826	26
5827	0
5828	13
5829	35
5830	38
5831	2
5832	38
5833	4
5834	37
5835	36
5836	39
5837	19
5838	35
5839	2
5840	35
5841	36
5842	27
5843	0
5844	13
5845	41
5846	12
5847	36
5848	27
5849	26
5850	41
5851	27
5852	35
5853	19
5854	38
5855	41
5856	26
5857	23
5858	24
5859	24
5860	12
5861	30
5862	13
5863	40
5864	26
5865	12
5866	22
5867	30
5868	26
5869	26
5870	19
5871	27
5872	2
5873	2
5874	14
5875	13
5876	2
5877	35
5878	35
5879	35
5880	38
5881	24
5882	37
5883	5
5884	26
5885	39
5886	39
5887	39
5888	6
5889	16
5890	30
5891	30
5892	21
5893	39
5894	18
5895	14
5896	0
5897	1
5898	30
5899	19
5900	3
5901	27
5902	12
5903	41
5904	28
5905	35
5906	2
5907	3
5908	21
5909	2
5910	23
5911	14
5912	15
5913	26
5914	40
5915	11
5916	23
5917	26
5918	28
5919	32
5920	14
5921	12
5922	0
5923	30
5924	36
5925	36
5926	41
5927	6
5928	16
5929	27
5930	40
5931	41
5932	8
5933	24
5934	4
5935	30
5936	37
5937	1
5938	11
5939	35
5940	0
5941	12
5942	12
5943	4
5944	24
5945	37
5946	38
5947	16
5948	41
5949	36
5950	38
5951	27
5952	16
5953	22
5954	40
5955	1
5956	30
5957	19
5958	24
5959	0
5960	26
5961	18
5962	22
5963	27
5964	40
5965	3
5966	1
5967	12
5968	14
5969	24
5970	27
5971	6
5972	14
5973	4
5974	12
5975	5
5976	6
5977	37
5978	12
5979	27
5980	32
5981	23
5982	19
5983	18
5984	19
5985	11
5986	2
5987	3
5988	26
5989	8
5990	27
5991	30
5992	11
5993	32
5994	19
5995	22
5996	22
5997	21
5998	28
5999	13
6000	23
6001	26
6002	22
6003	22
6004	11
6005	6
6006	22
6007	16
6008	29
6009	26
6010	23
6011	2
6012	2
6013	1
6014	28
6015	19
6016	38
6017	16
6018	23
6019	11
6020	38
6021	30
6022	21
6023	14
6024	21
6025	19
6026	6
6027	36
6028	18
6029	35
6030	15
6031	22
6032	24
6033	28
6034	0
6035	1
6036	13
6037	0
6038	39
6039	35
6040	13
6041	27
6042	2
6043	13
6044	23
6045	30
6046	21
6047	1
6048	5
6049	6
6050	28
6051	35
6052	27
6053	22
6054	40
6055	12
6056	24
6057	24
6058	2
6059	18
6060	0
6061	19
6062	27
6063	41
6064	26
6065	11
6066	18
6067	24
6068	2
6069	39
6070	22
6071	1
6072	24
6073	2
6074	12
6075	41
6076	8
6077	18
6078	30
6079	39
6080	30
6081	40
6082	11
6083	39
6084	11
6085	16
6086	24
6087	0
6088	0
6089	13
6090	24
6091	24
6092	0
6093	35
6094	13
6095	13
6096	16
6097	41
6098	35
6099	1
6100	3
6101	21
6102	28
6103	36
6104	1
6105	19
6106	18
6107	30
6108	27
6109	19
6110	41
6111	28
6112	41
6113	0
6114	1
6115	5
6116	2
6117	11
6118	12
6119	32
6120	5
6121	18
6122	24
6123	37
6124	30
6125	19
6126	38
6127	21
6128	16
6129	39
6130	41
6131	24
6132	14
6133	2
6134	3
6135	21
6136	1
6137	14
6138	28
6139	5
6140	23
6141	8
6142	19
6143	37
6144	41
6145	40
6146	27
6147	32
6148	28
6149	35
6150	27
6151	18
6152	12
6153	2
6154	4
6155	19
6156	0
6157	16
6158	5
6159	6
6160	8
6161	12
6162	32
6163	30
6164	2
6165	0
6166	24
6167	3
6168	8
6169	12
6170	14
6171	37
6172	28
6173	16
6174	28
6175	0
6176	8
6177	22
6178	39
6179	38
6180	18
6181	18
6182	12
6183	23
6184	8
6185	2
6186	36
6187	36
6188	12
6189	41
6190	40
6191	16
6192	2
6193	41
6194	11
6195	30
6196	12
6197	24
6198	5
6199	39
6200	26
6201	8
6202	4
6203	0
6204	19
6205	36
6206	12
6207	35
6208	39
6209	40
6210	32
6211	1
6212	11
6213	27
6214	39
6215	24
6216	12
6217	30
6218	22
6219	26
6220	30
6221	4
6222	4
6223	1
6224	16
6225	40
6226	32
6227	2
6228	30
6229	1
6230	6
6231	32
6232	28
6233	40
6234	14
6235	16
6236	6
6237	24
6238	1
6239	13
6240	21
6241	1
6242	12
6243	32
6244	22
6245	26
6246	27
6247	3
6248	27
6249	40
6250	24
6251	4
6252	1
6253	40
6254	19
6255	30
6256	4
6257	30
6258	8
6259	5
6260	6
6261	16
6262	27
6263	22
6264	24
6265	26
6266	35
6267	8
6268	28
6269	31
6270	0
6271	40
6272	13
6273	13
6274	24
6275	13
6276	39
6277	5
6278	16
6279	26
6280	22
6281	19
6282	14
6283	26
6284	23
6285	6
6286	28
6287	5
6288	35
6289	37
6290	4
6291	35
6292	30
6293	28
6294	38
6295	19
6296	35
6297	32
6298	6
6299	39
6300	36
6301	21
6302	6
6303	23
6304	24
6305	22
6306	5
6307	27
6308	35
6309	22
6310	2
6311	0
6312	12
6313	28
6314	1
6315	14
6316	37
6317	8
6318	11
6319	18
6320	28
6321	35
6322	12
6323	27
6324	2
6325	1
6326	36
6327	28
6328	0
6329	13
6330	36
6331	11
6332	39
6333	35
6334	2
6335	23
6336	40
6337	24
6338	36
6339	21
6340	35
6341	22
6342	15
6343	19
6344	8
6345	18
6346	36
6347	11
6348	28
6349	16
6350	18
6351	30
6352	12
6353	27
6354	26
6355	32
6356	30
6357	0
6358	28
6359	2
6360	12
6361	6
6362	18
6363	39
6364	39
6365	19
6366	26
6367	2
6368	26
6369	18
6370	32
6371	14
6372	0
6373	39
6374	24
6375	23
6376	12
6377	11
6378	8
6379	28
6380	24
6381	14
6382	1
6383	32
6384	4
6385	14
6386	27
6387	24
6388	6
6389	0
6390	3
6391	13
6392	26
6393	32
6394	13
6395	15
6396	0
6397	6
6398	39
6399	35
6400	21
6401	15
6402	39
6403	1
6404	28
6405	26
6406	12
6407	40
6408	35
6409	27
6410	32
6411	3
6412	23
6413	36
6414	19
6415	12
6416	27
6417	12
6418	26
6419	3
6420	5
6421	19
6422	12
6423	33
6424	12
6425	13
6426	22
6427	18
6428	37
6429	32
6430	30
6431	2
6432	2
6433	27
6434	6
6435	8
6436	12
6437	35
6438	30
6439	26
6440	40
6441	18
6442	2
6443	24
6444	34
6445	36
6446	8
6447	8
6448	2
6449	35
6450	3
6451	36
6452	30
6453	19
6454	13
6455	14
6456	39
6457	28
6458	28
6459	5
6460	27
6461	12
6462	22
6463	8
6464	24
6465	15
6466	39
6467	12
6468	32
6469	24
6470	21
6471	16
6472	35
6473	32
6474	22
6475	6
6476	26
6477	32
6478	5
6479	19
6480	19
6481	12
6482	14
6483	3
6484	2
6485	32
6486	35
6487	26
6488	27
6489	0
6490	1
6491	3
6492	37
6493	23
6494	39
6495	39
6496	32
6497	37
6498	32
6499	4
6500	1
6501	21
6502	41
6503	2
6504	30
6505	4
6506	23
6507	5
6508	16
6509	27
6510	26
6511	22
6512	27
6513	41
6514	32
6515	1
6516	37
6517	27
6518	3
6519	35
6520	37
6521	2
6522	6
6523	30
6524	24
6525	15
6526	26
6527	40
6528	13
6529	40
6530	2
6531	35
6532	27
6533	1
6534	35
6535	2
6536	40
6537	21
6538	6
6539	15
6540	19
6541	37
6542	5
6543	38
6544	35
6545	23
6546	28
6547	14
6548	19
6549	22
6550	22
6551	35
6552	28
6553	5
6554	27
6555	35
6556	32
6557	37
6558	1
6559	26
6560	2
6561	30
6562	5
6563	41
6564	21
6565	3
6566	35
6567	13
6568	14
6569	13
6570	21
6571	30
6572	11
6573	6
6574	14
6575	2
6576	14
6577	14
6578	19
6579	26
6580	5
6581	37
6582	3
6583	12
6584	35
6585	24
6586	14
6587	28
6588	37
6589	3
6590	38
6591	15
6592	2
6593	12
6594	21
6595	30
6596	5
6597	12
6598	6
6599	0
6600	19
6601	39
6602	4
6603	2
6604	22
6605	40
6606	13
6607	22
6608	6
6609	2
6610	13
6611	30
6612	41
6613	4
6614	12
6615	1
6616	22
6617	39
6618	21
6619	0
6620	40
6621	1
6622	14
6623	18
6624	14
6625	30
6626	35
6627	22
6628	23
6629	3
6630	22
6631	27
6632	0
6633	12
6634	16
6635	1
6636	35
6637	21
6638	23
6639	0
6640	12
6641	8
6642	30
6643	26
6644	0
6645	6
6646	32
6647	41
6648	19
6649	35
6650	36
6651	6
6652	35
6653	32
6654	24
6655	32
6656	41
6657	18
6658	26
6659	12
6660	30
6661	2
6662	32
6663	28
6664	5
6665	19
6666	0
6667	40
6668	8
6669	37
6670	27
6671	14
6672	2
6673	2
6674	35
6675	27
6676	5
6677	21
6678	8
6679	22
6680	16
6681	22
6682	27
6683	14
6684	36
6685	1
6686	23
6687	16
6688	30
6689	37
6690	14
6691	12
6692	21
6693	0
6694	39
6695	24
6696	35
6697	35
6698	4
6699	16
6700	1
6701	28
6702	14
6703	32
6704	14
6705	14
6706	12
6707	41
6708	35
6709	19
6710	0
6711	23
6712	5
6713	35
6714	8
6715	14
6716	35
6717	1
6718	26
6719	39
6720	40
6721	2
6722	13
6723	12
6724	12
6725	26
6726	38
6727	28
6728	16
6729	22
6730	27
6731	21
6732	39
6733	16
6734	1
6735	6
6736	39
6737	2
6738	21
6739	40
6740	1
6741	19
6742	27
6743	28
6744	14
6745	26
6746	26
6747	14
6748	24
6749	15
6750	28
6751	0
6752	4
6753	13
6754	38
6755	23
6756	11
6757	30
6758	1
6759	5
6760	16
6761	0
6762	19
6763	11
6764	18
6765	26
6766	39
6767	19
6768	1
6769	37
6770	35
6771	12
6772	26
6773	30
6774	15
6775	2
6776	35
6777	5
6778	6
6779	2
6780	35
6781	40
6782	27
6783	27
6784	6
6785	26
6786	12
6787	19
6788	14
6789	1
6790	41
6791	22
6792	19
6793	14
6794	22
6795	36
6796	30
6797	36
6798	11
6799	36
6800	28
6801	22
6802	6
6803	23
6804	1
6805	19
6806	12
6807	1
6808	2
6809	11
6810	35
6811	27
6812	16
6813	12
6814	13
6815	35
6816	23
6817	32
6818	26
6819	26
6820	22
6821	13
6822	18
6823	14
6824	24
6825	21
6826	36
6827	2
6828	1
6829	28
6830	35
6831	41
6832	21
6833	6
6834	12
6835	3
6836	36
6837	6
6838	30
6839	16
6840	30
6841	16
6842	30
6843	30
6844	16
6845	3
6846	24
6847	35
6848	19
6849	12
6850	23
6851	27
6852	19
6853	1
6854	22
6855	30
6856	27
6857	35
6858	39
6859	12
6860	39
6861	37
6862	30
6863	12
6864	3
6865	0
6866	4
6867	23
6868	12
6869	23
6870	36
6871	41
6872	24
6873	6
6874	35
6875	13
6876	32
6877	24
6878	6
6879	11
6880	12
6881	27
6882	19
6883	1
6884	23
6885	0
6886	5
6887	27
6888	2
6889	39
6890	11
6891	3
6892	12
6893	8
6894	27
6895	14
6896	27
6897	37
6898	12
6899	39
6900	16
6901	3
6902	38
6903	39
6904	3
6905	22
6906	2
6907	35
6908	39
6909	35
6910	3
6911	14
6912	40
6913	16
6914	13
6915	0
6916	28
6917	1
6918	27
6919	39
6920	0
6921	26
6922	8
6923	26
6924	16
6925	1
6926	23
6927	5
6928	38
6929	28
6930	2
6931	27
6932	35
6933	39
6934	28
6935	21
6936	38
6937	6
6938	0
6939	39
6940	36
6941	1
6942	0
6943	26
6944	3
6945	26
6946	39
6947	8
6948	16
6949	3
6950	35
6951	12
6952	22
6953	8
6954	28
6955	2
6956	27
6957	24
6958	12
6959	27
6960	21
6961	32
6962	30
6963	41
6964	0
6965	8
6966	41
6967	30
6968	40
6969	27
6970	0
6971	16
6972	1
6973	23
6974	39
6975	38
6976	16
6977	1
6978	27
6979	11
6980	37
6981	37
6982	8
6983	6
6984	32
6985	14
6986	24
6987	16
6988	37
6989	13
6990	13
6991	27
6992	1
6993	28
6994	6
6995	3
6996	28
6997	16
6998	4
6999	35
