0	7
1	7
2	7
3	7
4	7
5	7
6	7
7	7
8	7
9	7
10	7
703	8
826	16
1097	6
1287	8
1591	14
1895	1
1896	24
1897	7
1898	19
1899	11
144	7
258	9
491	1
1021	10
1418	7
1669	25
1900	0
1901	10
1902	7
1903	4
121	7
127	7
128	7
179	7
247	7
249	7
264	7
353	7
424	7
426	7
145	7
176	7
177	7
753	7
754	7
762	7
2064	7
3002	7
520	24
665	7
852	24
1394	7
1786	7
1842	4
1904	7
1905	7
1906	1
1907	7
124	7
147	7
246	7
248	7
250	7
251	7
252	7
11	25
12	25
13	25
14	20
15	7
16	9
17	7
18	25
19	25
20	23
21	25
2074	25
809	20
123	7
129	7
143	7
367	7
427	7
718	7
1050	4
2254	4
2761	4
3147	22
3169	25
3619	23
3893	7
4408	25
4953	17
368	7
717	7
856	7
975	23
1908	23
1909	8
1910	25
92	3
1702	24
1711	22
1833	25
1916	20
1917	8
1918	25
1919	25
1920	0
1921	10
22	5
23	5
24	15
25	5
26	5
27	4
28	3
29	14
30	7
31	7
32	5
1022	23
901	18
960	11
1511	4
1624	0
1836	10
1911	4
1912	12
1913	2
1914	25
1915	4
846	24
1516	3
1517	3
962	9
1656	14
2201	16
126	7
174	7
637	2
870	2
1219	10
1954	10
2237	3
2524	11
2630	16
3637	25
3874	10
957	11
1028	3
1199	7
1459	4
1699	1
1700	5
1701	4
1703	5
33	19
34	19
35	19
36	7
37	19
38	4
39	19
40	19
41	11
42	19
43	14
725	25
1376	25
2002	21
2007	4
2167	4
2168	4
2169	4
2170	5
614	19
1378	10
1922	5
1923	20
1924	11
1925	14
1926	3
1927	19
1928	22
1929	7
1604	15
1679	4
1930	0
1931	24
1932	25
1933	14
1934	7
1935	14
1936	24
44	21
45	6
46	21
47	21
48	5
49	21
50	21
51	5
52	21
53	21
54	14
101	7
338	18
2366	21
2893	21
3065	21
3593	18
3840	10
3998	21
3999	2
55	10
56	24
57	25
58	10
59	10
60	14
61	10
62	18
63	8
64	18
65	25
1937	0
1938	14
1939	4
1940	16
1941	14
1942	14
1943	1
1944	14
1945	14
907	10
1992	7
1993	0
1994	10
1995	20
1996	16
1997	10
1998	10
1999	16
1064	18
1194	9
1196	18
1198	18
1959	18
1960	18
1961	18
1962	18
1963	18
1364	2
1950	24
1977	8
1978	8
1979	8
1980	8
1981	22
1982	8
1983	18
91	2
102	19
106	2
1946	18
1947	18
1948	7
1949	9
1951	18
1952	18
86	25
2003	8
2004	25
2005	1
2006	25
2008	4
2009	25
66	9
67	0
68	10
69	9
70	9
71	17
72	9
73	23
74	9
75	9
472	0
534	24
1123	3
2222	20
2789	21
3052	5
3332	8
3769	0
3956	1
152	0
219	22
346	23
965	14
1953	10
1955	16
1956	0
1957	2
1958	11
1969	22
1970	23
1971	8
1972	8
1973	25
1974	1
1975	23
1976	1
190	25
262	6
1142	9
1337	19
1964	9
1965	9
1966	9
1967	1
1968	4
76	0
77	8
78	5
79	4
80	0
81	2
82	20
83	7
84	0
85	0
898	15
1157	20
1894	18
2203	5
2204	3
2205	5
2014	5
1067	2
1984	2
1985	2
1986	20
1987	18
1988	21
1989	2
1990	21
1991	2
148	7
351	7
946	7
2000	7
2001	7
87	23
88	23
89	1
90	23
93	23
94	17
95	23
96	1
97	23
211	8
914	1
1476	10
1776	12
2010	19
2011	11
2012	1
2013	1
243	2
2194	2
2015	3
2016	24
98	25
99	25
100	25
103	11
104	4
105	20
107	25
108	25
2017	25
369	7
422	7
559	7
2018	7
2026	19
2027	8
2028	19
2025	4
363	17
820	7
1041	9
1240	20
2019	20
2020	7
2021	20
2022	2
2023	21
2024	21
324	25
365	25
1486	25
2037	7
2038	7
2039	25
2040	11
2041	25
2042	1
2043	14
109	18
110	10
111	0
112	18
113	7
114	18
115	18
116	1
117	18
118	18
119	15
1332	3
1361	1
2029	10
2030	1
2031	22
2032	7
2033	10
2034	10
2035	10
2036	5
1419	14
1561	7
1670	0
1787	21
1846	4
2065	25
2066	7
2067	0
2068	15
2069	3
1160	5
2044	18
2045	18
2046	7
2047	7
2048	4
2049	4
2050	16
1317	7
510	10
1089	22
2051	3
2052	7
2053	7
2054	11
2055	22
2056	7
120	7
122	7
125	7
578	22
658	4
1428	7
1451	22
2057	0
2058	15
2059	21
2060	6
2061	3
2062	14
146	7
390	7
423	7
2063	7
132	7
222	4
503	9
1535	16
2070	4
2071	7
2072	7
2073	7
2075	0
696	7
698	7
755	7
947	7
2077	7
175	7
1246	7
2076	20
133	10
778	24
864	22
2078	18
2079	22
2080	10
2081	21
2082	2
2083	18
130	23
131	23
134	11
135	23
136	9
137	3
138	4
139	20
140	5
1466	10
1831	14
2092	20
2093	23
2094	5
2095	23
2096	7
2097	0
629	7
253	9
1193	4
1531	21
2084	7
2085	11
2086	19
2087	22
2088	4
786	2
1150	23
1274	6
2099	10
2100	23
2101	23
2102	23
2103	23
470	9
2480	9
2984	18
3219	11
4463	24
4944	24
4945	9
1728	3
446	4
842	20
1096	4
1598	17
1752	3
2089	22
2090	4
2091	2
141	7
142	7
149	7
150	7
2098	7
265	7
667	7
285	3
3337	16
5048	8
5171	15
5338	7
5940	3
5941	4
5942	7
1245	7
238	7
151	0
153	0
154	0
155	7
156	10
157	19
158	10
159	4
160	7
161	0
411	1
813	4
1688	10
2104	10
2105	10
2106	25
2107	10
2108	14
2109	7
2110	7
2111	2
2112	2
2113	2
2114	15
2115	7
162	8
163	3
164	24
165	8
166	8
167	7
168	8
169	17
170	8
171	19
172	7
531	0
1165	3
1390	2
1865	16
2123	8
2124	8
266	7
818	17
872	25
1264	17
1539	15
2116	10
2117	17
2118	17
2119	0
2120	17
2121	17
173	7
178	14
180	7
1575	18
3066	23
3344	24
3715	1
3849	7
4539	6
5209	0
5325	0
5483	25
5584	18
697	7
700	14
2122	7
255	3
256	9
554	24
871	2
2125	20
2126	14
2127	2
2128	14
2129	14
1489	0
1490	0
1524	20
1766	24
2130	7
2131	4
2132	7
2133	25
2134	22
181	3
182	24
183	7
184	0
185	3
186	3
187	19
188	3
189	3
191	14
2190	8
2365	14
2367	14
2368	1
2369	14
2370	24
2371	14
2372	14
192	20
193	20
194	20
195	7
196	20
2388	20
2389	20
2390	20
2391	20
1020	10
2135	20
2136	20
2137	20
2138	21
2139	20
2140	20
2141	20
558	7
736	7
659	4
2142	20
2143	8
2144	20
2145	3
2146	7
197	22
198	17
199	22
200	22
201	21
202	10
203	11
204	4
205	22
206	6
207	22
412	17
604	11
1556	14
2147	8
2148	24
2149	0
2150	24
2151	0
714	22
2152	21
2153	2
2154	0
2155	3
2156	21
2157	4
2158	10
2159	20
2160	24
5973	11
5974	0
208	23
209	23
210	23
212	23
213	3
214	10
215	5
216	17
217	23
976	23
2429	15
2430	23
2431	23
2432	20
494	8
621	14
1358	5
1412	7
2161	8
2162	20
2163	11
2164	25
2165	8
2166	8
218	4
220	15
221	4
223	9
224	8
225	4
226	7
227	18
893	3
1343	25
1749	20
1861	14
2177	21
2178	7
2179	4
2180	4
314	7
1114	8
1564	7
2171	4
2172	25
2173	0
2174	7
2175	14
2176	7
228	3
229	3
230	4
231	12
232	24
233	3
234	24
235	24
840	20
1726	20
2217	7
2218	3
2219	15
2220	3
2221	4
2223	24
236	15
237	15
239	15
240	15
241	19
242	15
244	17
245	15
2181	8
2182	7
2183	7
2184	14
2185	7
2186	11
2187	20
2188	5
2189	2
2191	2
2192	2
2193	7
2195	2
2196	2
612	25
1284	7
2197	17
2198	18
2199	6
2200	3
2202	1
776	12
900	18
1068	10
1069	4
1070	1
1071	6
1072	4
1073	7
1074	7
326	2
915	7
916	3
917	7
918	20
919	7
920	7
921	5
922	2
983	2
1349	5
1389	7
1644	11
4180	19
4181	7
513	4
586	7
873	3
2206	7
2207	4
2208	7
2209	22
2210	7
808	25
1475	10
2211	20
2212	2
2213	4
2214	10
2215	2
2216	5
254	9
257	9
259	9
260	9
261	20
1137	9
1233	11
1300	2
1301	9
1302	9
1303	9
1304	9
1305	9
1306	25
263	7
267	4
268	3
269	24
2224	7
2225	10
2226	23
2227	22
2228	18
414	4
2229	4
2230	25
2231	17
2232	0
2233	4
2234	0
270	25
271	25
272	25
273	25
274	25
275	8
276	25
277	25
278	25
600	6
1583	25
1800	8
2247	11
2248	25
2249	25
279	1
280	14
281	21
282	23
283	23
284	1
286	1
287	1
288	8
318	20
552	23
790	11
967	14
1202	14
1259	7
1620	24
2235	14
632	1
779	10
838	20
1321	14
1371	10
1571	25
1891	24
1892	18
2236	10
1789	23
2238	1
2239	1
2240	1
2241	5
2242	1
311	7
712	22
955	10
1197	23
1227	3
2243	7
2244	4
2245	8
2246	11
289	22
290	15
291	8
292	1
293	22
294	21
295	22
296	18
297	23
298	7
299	7
352	7
666	7
378	7
443	4
774	10
1573	1
1704	7
2250	7
2251	10
2252	7
300	4
301	25
302	20
303	4
304	4
305	25
306	4
307	2
308	4
309	4
2519	21
341	14
764	0
909	7
1061	14
1093	4
1095	4
2253	4
2255	22
587	23
710	22
1498	25
1850	25
2256	25
2257	25
2258	25
2259	6
711	16
883	10
1018	10
2260	2
2261	7
2262	3
2263	2
2264	5
2265	9
2266	23
310	7
312	14
313	2
315	22
316	0
317	7
319	7
320	7
3677	23
2267	0
321	6
322	6
323	6
325	20
327	21
328	6
329	5
330	19
568	25
1507	4
2268	20
2269	14
2270	20
2271	2
2272	9
1004	2
2277	2
2278	10
2279	19
2280	2
2281	1
2282	2
2283	2
2284	2
627	21
681	25
822	24
2273	21
2274	10
2275	21
2276	21
331	8
332	8
333	8
334	9
335	8
336	5
337	25
339	7
376	9
843	20
1587	9
1888	18
2285	10
2286	7
2287	14
1052	8
2319	24
3590	20
4152	11
4153	8
4154	22
364	0
1755	24
340	23
342	12
343	7
344	23
345	7
347	23
348	2
349	23
350	5
370	9
862	14
1805	4
2288	25
2289	24
2290	7
2291	14
881	9
2301	23
2302	15
2303	2
2304	25
2305	4
2306	23
2307	23
751	7
930	7
1322	2
1366	2
2292	3
2293	2
2294	11
2295	1
473	4
855	7
1716	3
2296	23
2297	23
2298	25
2299	0
2300	4
432	1
1734	19
2328	5
2329	11
2330	0
2331	5
354	20
355	11
356	23
357	19
358	7
359	24
968	11
2308	15
2309	21
2310	11
2311	11
2312	7
2313	7
2314	11
572	23
980	23
1212	20
2321	24
2322	2
2323	23
2324	8
2325	1
2326	2
2327	23
633	1
1334	24
2332	14
2333	24
2334	24
2335	25
2336	10
2337	23
360	17
361	17
362	17
366	7
371	7
372	22
373	18
374	9
375	9
377	7
379	10
380	0
2315	9
2316	22
2317	3
2318	22
2320	22
2338	7
2373	8
1030	6
1230	0
1231	17
1232	0
1234	23
1235	7
1236	0
381	19
382	22
383	23
384	19
385	11
386	19
387	16
388	19
389	19
996	22
2345	9
2346	22
2347	23
2348	22
2349	22
2350	7
2351	9
2352	9
1741	0
2339	11
2340	11
2341	17
2342	11
2343	18
2344	19
609	19
1077	11
2360	21
2361	15
2362	21
2363	19
2364	12
825	16
1733	17
2353	12
2354	2
2355	20
2356	5
693	19
882	10
951	14
1383	21
1538	11
1792	2
2357	19
2358	5
2359	19
391	7
392	0
393	3
394	7
395	7
396	24
397	3
398	18
814	0
944	21
2381	4
2382	0
2383	0
2384	19
2385	3
2386	22
2387	0
977	22
2374	7
2375	25
2376	3
2377	18
2378	21
2379	15
2380	2
399	17
400	17
401	7
402	17
403	17
404	7
405	17
406	24
407	17
408	17
409	7
1217	17
2392	25
410	4
413	4
415	10
416	4
417	4
418	14
419	24
420	4
835	1
1256	11
1814	4
2839	1
3306	1
5013	1
5014	7
5015	1
769	16
2532	10
3029	3
3215	17
3485	21
4254	1
5484	25
5501	17
5502	17
2393	4
676	0
799	10
803	10
1019	10
640	4
1002	2
1477	7
2434	4
2435	4
2436	4
2437	4
2438	4
763	14
1541	11
2467	14
2468	25
2469	14
2470	14
2471	25
421	7
2394	2
2395	2
2396	0
2397	1
2398	16
2399	16
2400	3
2401	7
2402	7
2403	10
2404	7
2405	5
2406	7
2407	7
2408	4
940	11
2409	19
2410	0
2411	21
2412	21
2413	18
2414	24
2415	7
425	7
695	7
428	1
429	1
430	16
431	10
433	23
434	7
435	1
436	5
437	11
438	5
1415	0
2416	16
2417	16
2418	1
2419	18
2420	25
2421	16
487	14
2422	10
2423	25
2424	10
2425	22
2426	10
2427	12
2428	10
1370	10
1565	11
1824	14
2433	3
1090	18
2500	23
456	5
1522	5
2443	5
2444	21
2445	8
2446	5
439	4
440	16
441	4
442	15
444	4
445	4
447	4
448	25
449	7
1607	16
1868	7
2492	16
2784	19
3617	16
4781	25
5476	16
878	10
2439	25
2440	25
450	5
451	5
452	10
453	10
454	5
455	5
457	5
2441	5
2442	5
458	17
459	25
460	10
461	17
462	11
463	3
464	25
465	17
466	17
467	8
468	17
2447	20
2448	17
2449	6
2450	18
2451	3
469	4
471	4
474	4
475	4
476	23
477	9
1267	20
1485	7
1487	7
1488	0
1491	19
1492	2
1509	4
3205	16
3309	4
4207	23
4282	3
4828	4
4829	4
4830	4
2481	14
2482	4
2483	4
2484	4
2485	25
2486	4
2487	18
478	14
479	22
480	24
481	7
482	14
483	22
484	25
485	7
486	16
488	14
2452	14
2453	7
2454	22
2455	22
2456	22
2457	22
2458	22
2459	11
2460	10
2461	0
507	7
722	10
726	24
1048	8
2462	24
2463	14
1812	22
532	4
1352	7
1764	25
2493	21
2494	4
2495	2
2496	25
2497	14
489	1
490	5
492	1
493	4
495	10
496	1
497	1
498	25
2464	5
2465	7
2466	5
892	3
924	7
1372	10
2475	15
2476	8
2477	25
2478	8
2479	0
1471	10
2472	23
2473	1
2474	4
499	17
500	10
501	17
502	22
504	7
505	7
506	17
2491	7
508	10
509	20
511	10
512	10
514	4
515	10
828	16
2488	20
2489	15
2490	7
516	3
517	3
518	10
519	3
521	18
522	3
523	3
524	11
525	3
577	24
579	10
580	18
581	6
582	11
583	3
526	17
527	17
1171	25
1342	17
2671	17
2837	17
2935	4
3786	4
4248	25
4455	17
4876	17
4979	10
4980	10
528	21
529	20
530	21
533	21
535	3
536	21
571	2
573	0
574	7
575	0
576	14
1329	4
1330	23
1482	22
1512	21
2498	21
2499	21
2501	7
2502	21
2503	3
2504	21
1132	14
537	19
538	19
539	19
540	24
541	22
542	11
543	19
544	3
545	19
546	19
547	1
2534	22
2505	3
2506	24
2507	3
2508	3
2509	3
2510	21
2511	4
2512	3
2513	3
824	3
1790	11
2514	1
2515	1
548	25
549	25
550	25
551	10
553	7
555	25
556	25
765	10
982	3
1288	18
1311	25
2516	15
2517	22
2518	10
1547	20
3141	22
3283	24
3312	4
4477	3
4515	24
4516	21
557	7
5570	7
5571	7
756	14
759	25
819	21
821	17
823	2
560	10
561	14
562	1
563	18
564	6
565	10
566	10
567	10
569	10
570	10
2582	25
2583	18
2584	18
721	24
804	25
2521	2
2522	2
2523	4
584	23
979	23
1353	23
2892	21
4318	23
4319	3
2520	0
1827	14
2953	4
3171	2
4846	23
5235	15
5236	7
5237	14
5238	0
5239	14
642	4
1610	24
2525	21
2526	24
2527	9
2528	0
1629	3
1682	4
2529	25
2530	10
2531	10
2533	25
910	14
1275	10
1427	18
1782	9
2539	18
2540	22
2541	9
2542	18
2538	6
715	23
1854	0
2535	11
2536	11
2537	9
585	25
588	18
589	18
590	18
591	18
592	18
593	18
594	18
595	18
596	18
597	18
598	18
599	6
601	6
602	6
603	21
605	7
606	25
1040	21
1439	11
1730	25
2555	25
2556	25
2557	21
607	19
608	19
610	21
611	9
613	11
615	19
616	19
1392	10
2558	21
2559	21
2560	21
2561	11
2562	21
740	7
1500	9
2543	4
2544	8
2545	9
1631	11
2546	7
2547	11
2548	7
2549	7
2550	11
2551	11
617	12
618	12
619	22
620	24
622	12
623	12
624	12
625	12
626	12
2552	14
2553	24
2554	24
628	7
630	7
1426	3
1429	5
1430	7
1431	7
1432	7
631	1
634	4
635	7
2941	2
2968	8
3112	4
5880	6
6131	4
6132	7
6133	4
668	3
746	7
747	17
748	18
749	11
750	11
636	4
638	4
639	4
641	4
643	14
796	11
869	2
874	2
875	2
876	17
877	2
644	19
645	19
2563	19
2564	19
646	7
647	17
648	3
649	17
650	17
651	17
652	6
653	17
654	15
655	10
732	6
1326	8
2572	6
2573	6
2574	8
2575	25
798	15
1023	23
1365	2
2568	0
2569	4
2570	0
2571	18
1032	10
1411	7
2565	10
2566	11
2567	10
656	4
657	4
660	4
661	24
662	4
663	4
664	4
1084	22
1870	17
2576	0
2577	19
1350	9
2578	11
2579	9
2580	7
2581	22
669	3
670	3
671	3
672	8
673	3
674	3
675	19
677	10
678	20
679	25
680	4
682	25
683	21
684	16
685	5
686	25
687	25
688	25
1841	4
1843	10
1844	4
1845	8
690	2
851	25
1347	25
2585	25
2586	25
2631	16
2632	16
2633	16
1162	10
1309	15
2587	25
2588	25
2589	25
2590	25
2591	11
2592	18
689	19
691	4
692	19
1628	21
2602	10
2603	19
2604	11
2605	19
2606	7
2607	19
2608	19
2609	19
2610	19
694	7
699	24
1690	10
2593	9
2594	9
2595	2
2596	18
1441	2
1589	25
2597	23
2598	7
2599	7
2600	18
2601	10
1027	10
1653	7
2611	24
2612	23
2613	24
1056	5
2614	2
2615	2
2616	14
2617	5
2618	14
2619	14
2620	14
701	17
702	17
704	17
705	7
706	17
707	4
708	4
1581	3
2634	9
2635	18
2636	19
2637	1
2638	14
2639	17
2640	25
2621	7
2622	2
2623	17
2624	20
1594	19
1600	7
1641	11
2625	22
2626	19
2627	7
2628	17
2629	7
3501	24
4623	0
4624	17
1047	16
1107	0
1503	4
1803	24
2641	4
2642	4
2643	12
2644	25
709	22
713	22
834	18
1195	4
2645	11
2646	24
2647	23
2648	23
2649	23
716	7
942	20
1885	7
1886	12
1887	1
719	24
720	7
723	24
724	5
727	24
2713	10
1313	5
1424	14
1434	9
2653	10
2654	20
3459	7
3654	18
3726	11
4072	17
5137	7
5138	24
5139	24
728	6
729	6
730	6
731	24
733	6
734	3
735	6
1156	2
1258	7
2655	6
2656	1
2657	22
2658	3
928	21
1435	9
2650	15
2651	6
2652	24
2684	10
2685	3
2686	14
737	15
738	2
739	24
741	19
742	23
743	7
744	2
745	7
2659	0
2660	15
2661	15
2662	15
2663	25
1380	11
1609	16
2664	8
2665	24
2666	24
1255	7
1557	1
2719	25
2720	19
2721	11
2722	8
2723	0
2678	18
2679	7
2680	10
2681	23
2682	23
2683	23
2667	17
2668	17
2669	17
2670	7
2672	17
2673	17
817	11
1417	7
2674	11
2675	11
2676	18
2677	21
752	7
757	14
758	14
760	21
761	14
1454	4
2707	22
2708	25
2709	25
2710	25
2711	25
2712	7
2687	3
2688	21
2689	21
766	0
767	0
768	0
770	25
771	24
772	0
773	0
1689	0
2697	3
2698	21
2699	7
1618	0
1863	14
2690	24
2691	4
2692	0
2693	3
2694	24
2695	7
2696	0
1024	16
1335	25
2700	16
2701	16
2702	18
2703	16
2704	25
1003	2
1402	11
1717	24
2705	9
2706	24
2907	0
775	12
777	10
780	10
781	10
782	10
783	10
784	17
785	20
2714	2
2715	2
2716	7
2717	2
2718	2
787	11
788	18
789	9
791	11
792	11
793	11
794	11
795	17
797	10
800	10
801	5
802	21
1866	7
1867	16
2724	5
2725	5
2726	11
2727	5
2728	7
805	25
806	10
807	25
810	16
811	14
812	25
815	3
816	21
2738	25
2739	25
1151	14
2729	14
2730	14
2731	14
2732	14
2733	7
1129	7
4695	25
4844	17
4878	21
5224	21
5628	22
5629	5
1223	17
1224	17
1873	17
2734	11
2735	3
2736	17
2737	11
894	2
1323	3
1324	2
1325	0
1327	25
1328	18
827	16
829	25
830	7
831	20
832	3
833	12
886	3
836	20
837	20
839	25
841	20
844	20
845	7
847	10
848	24
849	23
850	11
853	24
854	24
938	24
2748	8
2749	24
2750	7
2751	7
2752	24
857	24
858	2
1705	17
1706	7
1707	11
1708	0
1709	15
859	14
860	4
861	14
863	20
865	14
866	9
867	9
868	23
1481	20
1775	4
2740	4
2741	20
2742	20
2743	20
1333	11
2744	15
2745	25
2746	23
2747	21
1351	9
1408	24
1860	1
2763	9
2764	11
2765	9
1738	3
2766	9
2767	7
2768	9
2769	9
2770	7
1145	23
1146	23
1147	23
1148	23
1149	23
1152	25
1153	23
1367	14
1762	3
2753	1
2754	2
2755	15
1336	9
2756	3
2757	25
2758	11
2759	3
2760	3
1655	4
2762	2
879	10
880	10
884	3
885	10
2771	9
2772	9
2774	10
2773	3
887	15
888	3
889	11
890	3
891	9
895	3
1671	23
2775	15
2776	15
2777	14
2778	12
2951	11
2959	3
2960	3
2961	21
896	18
897	18
899	18
902	19
903	18
904	11
905	18
2785	9
1272	19
2779	7
2780	22
2781	19
2782	3
2783	19
2791	11
2792	16
2793	2
2794	4
2795	11
2796	7
906	11
908	20
911	19
912	11
913	11
1292	18
1397	24
2804	0
2805	10
2806	23
2807	7
2808	10
2786	0
2787	14
2788	18
2790	7
2797	7
2798	20
2799	14
2800	14
2801	14
2802	14
2803	23
1213	20
2818	10
2819	7
2820	3
2809	2
2810	2
2811	2
2812	2
2813	2
2814	2
2815	2
2816	2
2817	2
923	5
925	5
926	23
927	5
2821	20
2822	7
2823	22
929	1
931	1
932	1
933	10
934	1
935	4
936	1
937	7
939	24
941	6
943	1
945	4
6087	6
2846	4
3777	8
4409	4
4410	4
4411	25
948	14
949	3
950	2
1661	1
2829	7
2830	3
2831	3
2832	3
2833	25
2834	3
2835	23
1570	2
1747	24
2824	2
2825	11
2826	2
2827	2
2828	2
952	11
953	11
954	11
956	24
958	23
959	11
2838	10
2840	22
2841	24
2842	10
2843	10
2836	24
1249	10
1540	0
3491	17
4123	23
4892	23
4973	5
4974	23
961	14
963	14
964	4
966	14
1228	7
1777	8
1778	9
1779	9
1780	4
1781	9
1783	9
1784	7
1054	10
1124	14
2851	14
2852	8
2853	5
2854	8
2844	25
2845	4
2847	17
2848	18
2849	4
2850	4
1208	14
2871	11
2872	14
2873	7
2874	14
2875	24
2876	14
2855	14
2856	14
2857	0
2858	14
2859	21
2860	7
2861	7
969	2
970	4
971	11
972	4
973	8
974	11
2862	24
2863	4
2864	0
978	22
981	24
2865	22
2866	22
2867	23
2868	22
2869	21
2870	19
1140	9
2877	22
2878	22
2879	7
2880	11
2881	7
2882	22
1318	11
1319	7
1320	23
1143	24
2883	24
2884	0
2885	7
2886	7
3028	3
3030	3
3031	3
984	9
985	9
986	7
987	9
988	4
989	21
990	7
991	20
2887	1
2888	0
2889	25
2890	25
2891	2
2894	21
2895	21
2896	0
2897	24
992	7
993	7
994	23
995	23
997	3
998	3
1829	25
2902	3
1536	4
1735	3
2898	1
2899	3
2900	7
2901	7
999	2
1000	2
1001	18
1005	0
1006	2
1007	18
1008	2
1100	18
1291	18
2931	24
2932	21
2933	25
2934	18
2936	24
1440	1
1760	24
2903	4
2904	16
2905	2
2906	25
2908	11
2909	20
2910	0
2911	0
1009	17
1010	21
1011	17
1012	17
1013	20
1014	17
1015	3
1016	21
1017	17
1191	1
2920	21
2921	21
2922	7
2923	23
2924	21
2925	21
3044	17
2912	20
2913	20
2914	3
2915	20
2916	25
2917	3
2918	12
2919	3
1533	0
2926	4
2927	23
2928	10
2929	10
2930	10
1025	25
1026	21
1029	7
1031	6
3191	25
3462	0
5106	1
5107	25
5108	25
2937	21
2938	16
2939	21
1221	10
1316	11
1750	12
2952	10
2954	10
1798	10
2940	3
2942	21
2943	3
2944	4
2945	6
2946	8
2947	6
2948	25
2949	4
2950	6
1033	21
1034	22
1035	21
1036	24
1037	9
1038	2
1039	2
1176	7
1651	6
2955	4
2956	2
2957	2
2958	3
1055	8
2962	1
2963	21
2964	21
2965	24
2966	4
2967	21
1042	9
1043	4
1044	3
1045	9
1046	7
3146	4
4264	4
1049	25
1051	8
1053	8
2969	8
2970	8
2971	8
1057	18
1058	19
1059	7
1060	17
1062	18
1063	21
1065	18
1066	8
2987	21
2988	21
2989	0
2990	21
2991	2
2992	21
2993	21
2994	24
2995	21
2976	2
2977	2
2972	10
2973	10
2974	9
2975	0
1075	1
1076	1
1078	9
1079	1
1080	22
1081	0
1082	7
1083	1
1720	21
2978	15
2979	0
2980	4
2981	10
2982	0
2983	0
1085	22
1086	22
1087	2
1088	3
1457	4
2985	22
2986	7
3109	22
1374	18
1568	18
3110	22
3111	18
1091	4
1092	4
1094	7
1098	8
1099	8
1101	8
1102	8
1103	20
1104	8
1105	17
1106	8
1108	8
1109	8
1110	8
1111	25
1112	8
1113	7
1115	3
1116	8
1645	18
3018	25
3019	16
3020	25
3021	9
3022	25
1117	14
1118	22
1119	14
1120	14
1121	14
1122	1
2996	12
2997	24
2998	22
2999	22
3000	22
3001	22
1125	14
1126	22
1127	8
1128	14
1130	16
1131	14
1133	12
3148	22
3158	12
1134	24
1135	7
1136	9
1138	0
1139	19
1141	8
1144	7
3003	11
3004	18
3005	9
3006	9
3007	15
3008	9
3015	0
3016	0
3017	0
3009	7
3010	14
3011	17
3012	19
3013	19
3014	21
3023	25
3024	8
3025	8
3026	7
3027	14
1852	0
1890	12
3032	7
3033	18
3180	23
1154	2
1155	3
1158	11
1159	2
3034	3
3035	18
3036	3
3037	3
3038	24
3039	24
3040	7
3041	11
3042	7
3043	7
1161	7
1163	1
1164	10
1166	10
1882	21
4494	1
4495	1
4496	1
4497	1
4498	1
4499	1
3055	3
3056	24
3057	23
3058	7
1167	22
1168	8
1169	22
1170	22
3045	19
3046	22
3047	8
3048	8
3049	8
1172	11
1173	23
1174	11
1175	9
1177	1
1178	11
1179	12
1180	25
3781	24
3865	5
5009	23
3050	11
3051	11
3053	2
1181	23
1182	23
1183	23
1184	25
1185	23
1186	23
1187	23
1188	23
1189	23
1190	23
3054	23
1331	25
1339	20
1340	1
1341	1
1344	15
1192	18
4711	4
5518	4
5519	4
5520	4
1382	23
3059	7
3060	3
3061	18
3062	18
3063	23
3064	9
1200	14
1201	14
1203	9
1204	14
1205	12
1206	14
1207	25
3105	14
3098	21
3099	14
3100	14
3101	14
3102	0
3103	14
3104	19
1849	12
3067	20
3068	12
3069	12
3070	18
3071	25
3072	25
3073	25
3074	23
3075	25
3076	2
3077	7
3078	25
1209	20
1210	20
1211	8
1214	20
1215	20
1216	12
1385	6
1724	20
3079	3
3080	18
3081	25
3082	1
3083	21
1218	10
1220	10
1222	17
1225	17
1226	17
1229	20
3156	22
3905	17
3981	18
5192	17
5311	17
5312	17
3323	7
4906	7
4907	7
3084	20
3085	20
3086	2
3087	20
3088	7
3670	0
4540	0
1881	0
3089	1
3090	0
3091	0
3092	2
3093	2
3094	24
3095	17
3096	8
3097	23
1237	20
1238	20
1239	20
1241	2
1242	20
1243	4
1244	20
3106	4
3107	3
3108	4
1247	10
1248	10
1250	4
3113	18
1251	11
1252	11
1253	11
1254	4
1257	11
3119	22
3115	6
3116	7
3117	25
3114	11
3118	7
1260	22
1261	22
1262	21
1263	22
1265	18
1266	22
1268	20
1269	24
1270	20
1271	14
1273	19
3120	14
3121	19
3122	19
3123	14
3124	20
3125	12
3126	19
3127	1
1276	18
1277	10
1278	18
1279	0
1280	10
1281	10
1282	10
1283	10
1285	10
3128	18
3153	8
3154	18
3155	18
3157	18
1299	4
3709	18
3841	18
5199	24
3129	0
3130	0
3131	0
3132	0
3133	10
3134	10
3135	23
3136	10
1286	18
1289	4
1290	7
1293	18
3137	7
3138	7
3139	8
3140	9
3142	7
3143	4
3144	1
3145	4
3149	4
1294	4
1295	4
1296	4
1297	16
1298	4
1504	7
1763	25
1765	25
1345	22
1346	25
1348	2
3150	9
3151	9
3152	9
1307	15
1308	15
1310	7
1312	15
1314	15
1315	15
3181	3
3182	15
3183	15
1534	23
3163	3
3164	10
3165	11
3166	22
3167	7
3168	7
3159	11
3160	11
3161	23
3162	11
3199	3
3200	3
3201	3
3192	7
3193	16
3194	8
3170	12
3172	18
3173	18
3174	24
1338	0
3175	11
3176	7
3177	25
1725	19
1727	19
1530	18
3178	0
3179	0
1754	1
3204	25
3195	25
3196	25
3197	25
3198	25
3184	15
3185	25
3186	15
3187	25
3188	24
3189	1
3190	24
1354	11
1355	7
1642	11
3202	22
3203	11
1356	5
1357	5
1359	5
1360	12
3206	20
3207	14
3208	9
3223	14
3237	1
3238	1
3239	1
3240	1
3241	1
1362	2
1363	2
1368	2
1369	4
3209	2
3210	4
3211	21
3212	20
3213	7
3214	2
3216	2
3217	23
3218	16
1767	4
1817	4
3220	4
3221	4
3222	4
1373	10
1375	8
1377	1
3224	15
3225	14
3226	1
1379	6
1381	6
1384	15
1386	6
1387	4
1437	11
3235	11
3236	7
3335	8
3552	7
4132	0
4170	23
4825	20
5241	17
5428	25
5487	9
5494	22
5717	25
5785	7
5786	23
5787	23
5788	14
3227	21
3228	21
3229	21
3248	6
3249	22
3250	17
3251	6
3252	6
3253	23
3280	4
1388	7
1391	7
1393	7
1395	7
1396	11
3230	8
3231	2
3232	11
3233	7
3234	2
1409	7
3281	1
3288	24
3289	24
1398	10
1399	10
1400	2
1401	10
3242	10
3243	10
3244	2
3245	9
3246	19
3247	10
3262	2
3263	2
3264	2
3265	2
3266	5
3267	2
3268	2
3254	10
3255	7
3256	1
3257	24
1444	21
3258	7
3259	11
3260	14
3261	11
1403	3
1404	15
1405	3
1406	3
1407	3
1410	3
3274	15
3275	15
3276	7
3277	15
3278	15
3279	15
1413	25
1414	7
1416	7
3269	7
3270	25
3271	8
3272	3
3273	12
1420	14
1421	9
1422	14
1423	0
1425	4
3282	14
3284	10
3285	8
3286	14
3287	14
3951	3
4635	4
4970	3
1546	20
3295	22
3296	20
3297	5
3290	7
1433	7
1436	9
1438	9
3291	9
3292	14
3293	9
3294	9
1718	3
3302	1
3303	20
3304	7
3305	1
3298	0
3299	0
3300	19
3301	22
1442	0
1443	21
5490	21
5491	21
1445	22
1446	22
1447	12
1448	22
1449	22
1450	22
1452	22
1453	4
1455	4
1456	0
1458	7
3307	4
3308	4
3310	18
3311	4
1460	25
1461	25
1462	10
1463	10
1464	10
1465	10
1467	10
1468	10
1469	10
1470	10
1472	10
3313	10
3314	23
3315	22
3316	21
1473	7
1474	10
3317	10
3318	21
3319	18
3320	10
3321	2
3322	21
1478	20
1479	20
1480	25
1483	20
1484	3
3324	3
3325	0
1493	24
1494	7
1495	21
1496	21
1497	16
1499	16
1501	16
1502	16
1505	18
3326	20
3327	7
1506	4
1508	4
1510	4
1513	4
1514	4
1515	4
1518	14
1519	14
3348	7
3349	14
3350	21
1520	23
1521	23
1523	23
1525	23
1526	23
3328	20
3329	5
1527	4
1528	4
1529	8
3330	8
3331	8
3333	8
1532	21
1537	7
1822	18
4172	25
4301	8
4359	15
4793	20
4818	23
4891	0
5414	23
5895	7
5916	22
6061	23
6062	23
1608	16
3334	0
3336	16
1542	0
1543	0
1544	14
1545	8
3347	11
3338	0
3339	4
3340	14
1837	8
1548	14
1549	11
1550	7
1551	20
1552	21
1553	20
1554	11
1555	20
1636	20
3342	20
3343	23
3345	21
3346	25
3360	14
3361	14
3362	22
3363	21
3341	11
3373	7
3374	4
3375	14
3376	22
1558	1
1559	7
1560	1
1562	17
1563	17
1566	18
1567	17
3351	23
3352	10
3353	18
3354	18
3355	18
1569	18
1572	18
1574	21
1576	18
3356	7
3357	3
3358	24
3359	18
3408	11
1577	25
1578	25
1579	6
1580	6
1582	14
1791	19
1797	19
3371	0
3372	14
1584	24
1585	9
1586	7
1588	1
1590	12
1592	24
1593	9
3364	0
3365	25
3366	25
3367	25
3368	25
3369	4
3370	12
1595	19
1596	17
1597	21
1599	17
1601	7
1602	7
1603	7
1605	16
1606	16
1611	24
1612	19
1613	24
1614	24
1615	24
3377	19
3378	19
1616	0
1617	0
1619	23
1621	0
1622	0
1623	0
1658	4
3382	22
3383	18
1625	14
1626	0
1627	15
1630	10
3379	0
3380	21
3381	0
3384	15
3385	21
1632	14
1633	20
1634	20
1635	24
1637	15
1638	20
1639	20
1640	20
1672	19
3389	2
3390	24
3391	20
3392	0
3393	14
3386	22
3387	15
3388	15
1643	11
1646	11
1647	7
3394	2
3395	4
1648	2
1649	2
3396	2
3397	2
3398	2
1650	17
1652	11
1654	14
3399	6
3400	6
3401	6
3402	6
3403	7
3404	14
3405	11
3406	14
3407	4
5140	14
1657	1
1659	19
1660	1
1662	1
1663	25
1664	1
3409	8
3410	4
3411	11
3412	14
3571	22
1665	7
1666	21
1667	7
4109	11
4803	10
1668	23
3413	25
3414	25
3415	7
3416	25
3417	7
3418	22
3572	0
1673	19
3448	7
3449	19
1674	4
1675	12
1676	7
1677	4
1678	4
1680	4
1681	4
3419	12
3420	12
3421	16
3422	10
3423	23
3424	12
3425	12
3426	12
3427	12
3428	12
3429	12
3430	14
3431	21
3432	12
3433	12
3434	12
3435	12
3436	12
3437	12
3438	12
1683	13
1684	13
1685	10
1686	10
1687	8
1691	10
3439	8
3440	8
3441	8
3442	3
3669	10
1692	14
1693	14
1694	23
1695	20
1696	14
1697	14
1698	4
3443	23
3444	23
3445	23
3446	4
3447	23
3450	4
3451	4
3452	7
3453	4
3454	4
3463	1
3464	1
3465	7
3466	5
3467	1
3455	5
3456	2
3457	0
3458	5
3460	2
3461	4
3468	11
3469	10
3470	3
3471	22
3477	21
3478	20
3479	0
3480	23
3481	11
3482	11
3483	11
1710	22
1712	11
1713	11
3472	11
3473	3
3474	11
3475	11
1714	3
1715	3
1719	3
1721	8
3484	7
3486	1
3476	8
1722	7
1723	7
3487	20
3488	15
3489	21
3490	25
1729	19
1731	19
1732	7
3492	17
3493	17
3494	17
3495	7
3496	3
1808	0
3566	19
5176	19
1736	3
1737	11
1739	7
1740	12
3528	25
3529	7
3497	12
3498	21
3499	10
1742	24
1743	24
1744	4
1745	24
1746	11
3500	25
3502	24
3503	7
3504	11
3505	7
1748	3
1751	11
3506	20
3507	11
3508	20
3509	15
3510	12
3511	18
3512	12
3513	11
3514	5
3515	7
3516	3
3517	3
3518	3
3519	3
1753	24
1756	24
1757	14
1758	20
1759	24
1761	24
3520	20
3521	15
3522	20
3523	24
3524	1
3525	20
3526	7
3527	25
3680	22
3681	18
1768	8
1769	4
1770	8
1771	4
1772	3
1773	4
1774	4
3530	3
3533	4
3534	4
3535	5
3531	23
3532	9
1785	21
1788	21
1793	10
3563	21
3700	11
3701	21
3702	16
3536	14
3537	7
3538	8
3539	2
3540	2
3541	10
1794	17
1795	17
1796	17
1799	24
1801	24
1802	24
1804	3
1806	7
1807	22
1809	21
1810	4
1811	16
1813	7
3542	9
3543	16
3544	7
3545	16
3546	4
3547	9
3548	4
3549	18
3550	18
1815	25
1816	7
1818	25
1819	21
1820	23
3551	7
3553	7
3554	2
3555	2
3556	25
3564	24
3565	24
3567	21
3557	16
3558	2
3559	23
3560	17
3561	23
3562	24
1821	18
1823	18
1825	18
1826	18
1828	14
1830	14
1832	1
3568	14
3583	1
3584	1
1834	8
1835	8
1838	18
1839	21
1840	15
3569	24
3570	23
3591	21
3592	21
3577	7
3578	4
3579	7
3580	9
3581	4
3582	4
3573	0
3574	5
3575	4
3576	10
3585	4
3586	4
3587	17
3588	4
3589	4
1847	0
1848	18
1851	0
1853	0
1855	0
3594	21
3595	21
3596	25
3597	25
3598	25
3599	19
3602	0
3603	0
3604	0
3600	18
3601	14
1856	14
1857	14
1858	14
1859	24
1862	14
3609	3
3610	14
3611	14
3612	5
3613	14
3614	14
3605	24
3606	24
3607	24
3608	24
3799	14
3800	14
3801	8
3802	14
3803	14
3804	2
3805	1
3806	18
1864	16
1869	16
3675	25
3676	23
3615	21
3616	6
3618	18
1871	17
1872	23
1874	17
1875	17
3620	19
3621	2
3622	23
3623	23
1876	18
1877	24
1878	24
1879	24
1880	18
1883	24
1884	7
3629	24
3630	9
3631	18
3632	15
3633	0
3634	0
3635	25
3624	21
3625	21
3626	21
3627	25
3628	21
3673	7
3674	24
1889	25
1893	22
3636	25
3638	25
3639	12
3640	12
3641	12
3642	12
3643	12
3644	12
3645	12
3646	12
3647	12
3648	12
3649	12
3650	12
3651	12
3652	12
3653	12
3655	12
3656	12
3657	12
3658	24
3659	12
3660	12
3661	1
3662	12
3663	12
3664	12
3665	12
3666	12
3667	12
3668	12
3671	23
3672	24
3678	24
3679	18
3682	10
3683	10
3684	0
3685	0
3686	0
3687	23
3688	5
3689	5
3690	17
3691	5
3692	5
3693	7
3694	10
3695	20
3867	5
3696	3
3697	3
3698	18
3699	0
3703	25
3704	0
3705	23
3706	21
3707	0
3713	25
3714	20
3708	14
3710	14
3711	14
3712	2
3718	14
3719	17
3720	14
3721	20
3716	22
3717	17
3722	14
3723	14
3724	14
3725	18
3727	24
3728	23
3729	18
3730	4
3731	24
3732	18
3733	18
3734	7
3735	4
3736	4
3754	22
3755	4
3756	22
3757	7
3737	4
3738	22
3739	8
3740	0
3741	15
3749	9
3750	4
3751	8
3752	8
3753	8
3742	25
3743	0
3744	1
3745	1
3746	1
3747	1
3748	1
3758	10
3759	4
3760	22
3761	22
3762	22
3763	22
5541	9
5795	18
5796	18
5797	18
3768	21
5177	9
3764	7
3778	9
3779	21
3780	11
3782	10
3783	10
3784	10
3767	20
3765	16
3766	9
3770	10
3771	8
3772	24
3773	8
3774	8
3775	21
3776	8
3785	4
3787	4
3788	14
3789	10
3790	9
3791	8
3792	5
3793	5
3807	25
3808	25
3809	25
3810	14
3811	25
3797	18
3798	21
3794	2
3795	3
3796	5
4438	25
5170	25
5172	25
5173	25
5174	25
5175	25
3817	14
3818	10
3819	11
3820	7
3821	14
3812	4
3813	1
3814	4
3815	23
3816	4
3822	0
3823	22
3824	16
3825	16
3826	14
3827	7
3828	22
3829	22
3830	22
3831	19
3832	22
3833	23
3879	15
3988	22
3989	9
3990	3
3834	4
3835	4
3836	4
3837	4
3838	0
3851	11
3852	18
3853	22
3854	5
3839	10
3842	19
3843	7
3844	19
3845	19
3847	22
3848	20
3850	7
3846	4
3864	2
3866	23
3855	20
3856	7
3857	20
3858	21
3863	16
3859	18
3860	1
3861	22
3862	23
3869	23
3870	23
3871	23
3872	23
3873	23
3868	24
3886	10
3887	2
3875	10
3876	10
3877	10
3878	10
3880	25
3881	25
3882	25
3883	7
3884	22
3885	22
3888	20
3889	8
3890	7
3900	25
3901	3
3902	3
3903	21
3904	14
3891	10
3892	24
3894	24
3895	24
3908	9
3909	2
3910	7
3911	2
3912	17
3913	4
5343	22
5468	14
5958	0
5959	21
5960	21
3896	10
3897	10
3898	10
3899	10
3906	21
3907	4
3923	14
3924	14
3925	11
3926	21
3927	14
3914	7
3915	7
3916	2
3917	2
3918	2
3919	12
3920	21
3921	20
3922	1
3928	16
4080	0
5310	5
5724	7
6000	5
6001	21
3929	22
3930	8
3931	10
3932	10
3933	19
3934	23
3935	18
3936	18
3937	7
3938	17
3939	17
3940	17
3941	17
3942	14
3946	7
3947	5
3948	7
3943	21
3944	14
3945	7
4092	8
4067	4
5114	25
5115	17
5116	8
5117	25
3949	4
3950	4
4501	3
4894	8
5909	23
6108	23
6181	7
4275	7
4738	8
4806	14
6121	0
6122	0
3952	14
3953	18
3954	14
3955	14
3957	14
3958	21
3959	3
3960	23
3961	21
3968	11
3969	10
3970	10
3964	19
3965	19
3966	1
3967	25
3962	1
3963	1
4105	2
3977	1
3979	7
3980	10
3971	25
3972	25
3973	25
3974	21
3975	25
3976	7
3978	25
3982	4
3983	10
3984	3
3985	22
3986	0
3987	23
3991	0
3992	0
3993	25
3994	11
3995	20
3996	11
3997	22
4004	0
4005	9
4006	21
4007	21
4373	2
5162	11
5163	0
5164	11
5165	11
4000	21
4001	9
4002	7
4003	7
4008	8
4009	22
4010	11
4011	22
4012	25
4013	4
4014	2
4015	2
4016	7
4017	0
4018	15
4019	2
4020	2
4021	23
4022	1
4023	1
4024	1
4025	1
4026	23
4130	2
4027	11
4028	10
4029	11
5437	5
4031	14
4032	7
4033	22
4030	24
4041	2
5056	21
5645	25
4042	3
4043	11
4044	0
4034	23
4035	18
4039	25
4040	16
4036	10
4037	23
4038	20
4056	5
4281	2
6168	5
6232	5
4053	21
4054	21
4055	21
4088	15
4045	21
4046	21
4047	21
4048	21
4049	21
4050	12
4051	7
4052	18
4057	25
4058	25
4059	10
4060	25
4061	2
4062	0
4065	3
4063	10
4064	18
4066	4
4068	17
4069	19
4070	4
4071	19
4073	2
4074	20
4075	11
4076	7
4077	11
4078	16
4079	20
4081	22
4082	0
4083	4
4084	0
4087	0
4085	16
4086	16
4089	21
4090	21
4091	21
4093	4
4094	25
4098	10
4099	22
4100	22
4101	22
4095	10
4096	1
4097	5
4957	25
5304	21
5305	25
4102	21
4103	7
4104	19
4121	6
4122	8
4106	14
4107	6
4108	14
4110	10
4111	7
4112	7
4113	7
4114	7
4115	23
4116	5
4117	18
4118	2
4119	5
4120	4
5449	4
5450	4
4124	18
4125	25
4126	10
4127	4
4128	8
4129	4
4143	24
4144	20
4145	21
4146	21
4147	21
4148	23
4149	23
4150	19
4151	20
4136	3
4131	8
4133	21
4134	20
4135	21
4137	11
4141	24
4142	24
4138	21
4139	3
4140	23
4158	4
4159	4
5653	19
5840	11
4263	17
5159	3
5600	22
4155	10
4156	10
4157	6
4160	7
4163	8
4164	7
4165	22
4161	7
4162	7
4166	11
4167	19
4168	24
4169	3
4171	21
4182	21
4183	22
4184	21
4173	23
4174	7
4175	0
4176	21
4177	19
4178	19
4179	7
4222	11
4223	11
4224	11
4201	22
4202	22
4203	2
4204	25
4185	25
4186	25
4187	7
4188	11
4189	11
4190	9
4191	9
4192	21
4193	10
4194	20
4195	18
4196	7
4197	7
4198	18
4199	2
4200	1
4205	16
4206	7
4208	19
4209	19
4210	4
4211	7
4212	2
4213	14
4214	20
4215	10
4216	2
4217	4
4218	2
4219	21
4220	7
4221	2
4225	2
4226	2
4227	7
4228	23
4229	9
4238	18
4239	18
4230	10
4231	23
4232	11
4233	14
4234	7
4235	3
4315	4
4236	18
4237	10
4426	10
5289	8
5417	0
5418	7
4243	20
4244	20
4240	22
4241	22
4242	17
4245	11
4246	15
4250	15
4247	25
4249	8
4868	25
5154	10
5806	24
5807	16
5808	24
4251	21
4252	18
4253	18
4255	24
4257	7
4256	24
4258	24
4259	24
4260	7
4261	24
4262	3
4265	23
4270	0
4271	21
4266	18
4267	18
4268	11
4269	18
4287	14
4288	23
4289	3
4272	25
4273	25
4274	24
4276	7
4277	7
4283	2
4278	25
4279	7
4280	25
4290	11
4284	0
4285	25
4286	14
4293	14
4294	14
4295	14
4291	3
4292	9
4296	18
4297	7
4300	0
4302	8
4405	7
4406	25
4298	4
4299	4
4303	7
4304	3
4305	3
5452	7
6039	15
6279	8
4306	7
4307	20
4308	16
4309	20
4310	23
4311	0
4312	17
4313	7
4314	7
4316	10
4317	4
4320	20
4321	22
4322	22
4323	22
4324	3
4336	20
5277	3
5516	2
5517	2
4325	2
4334	25
4326	3
4327	0
4328	3
4329	3
4330	7
4331	23
4332	10
4333	0
4335	17
4344	22
4345	11
4346	8
4347	8
4348	6
4349	8
4350	8
4351	8
4352	3
4353	7
4354	8
4355	10
4356	21
4337	8
4338	24
4339	24
4340	2
4368	25
4341	22
4360	20
4361	19
4362	11
4363	19
4364	25
4342	11
4343	14
4357	24
4358	7
4365	25
4366	24
4367	24
4369	10
4370	1
4371	1
4393	0
4394	0
4395	0
4396	0
4397	25
4398	25
4372	21
4374	21
4375	21
4376	21
4377	21
4378	3
4379	24
4380	24
4381	1
4382	7
4383	8
4384	7
4385	7
4386	7
4387	4
4388	3
4399	7
4400	5
4401	16
4402	25
4403	10
4404	25
4389	23
4390	1
4391	0
4392	0
4407	17
5777	23
5778	23
5779	23
5780	23
4412	21
4413	21
4414	3
4418	21
4419	7
4420	21
4415	21
4416	2
4417	23
4537	4
4538	4
4429	8
4430	8
4431	12
4432	3
4424	25
4425	14
4427	17
4428	7
4421	4
4435	6
4422	10
4423	25
4433	22
4434	10
4443	1
4436	22
4437	9
4446	2
4447	8
4448	21
4439	21
4440	21
4441	20
4442	22
4444	4
4445	7
4584	18
4457	7
4449	0
4450	17
4451	18
4452	2
4453	0
4454	17
4456	7
4458	21
4532	7
5179	0
5324	0
5326	0
4459	8
4460	8
4461	8
4462	8
4473	8
4474	8
4468	14
4469	5
4470	7
4464	25
4465	7
4466	3
4467	23
4478	22
4479	11
4480	3
4471	24
4472	7
4599	24
4484	11
4485	11
4475	19
4476	19
4658	4
5634	0
4481	24
4482	7
4483	24
4486	18
4487	20
4488	18
4492	1
4640	1
4714	4
5001	1
5403	23
5404	18
5405	20
4489	20
4490	16
4491	20
4493	23
4500	25
4502	9
4503	18
4504	25
4505	2
4506	2
4507	18
4508	7
4509	2
4510	19
4511	20
4512	20
4513	20
4514	20
4521	17
4522	17
4523	17
4524	17
4525	17
4526	8
4527	17
4528	17
4529	17
4530	17
4531	17
4517	8
4518	23
4519	11
4520	11
4533	11
4534	21
4544	14
4535	0
4536	1
4541	20
4545	25
4542	14
4543	14
4573	1
4641	1
4548	0
4551	2
4552	23
4546	7
4547	7
5931	9
6071	0
4653	22
4549	4
4550	4
4553	7
4554	9
4555	9
4563	2
4564	22
4565	22
4556	11
4557	11
4558	18
4559	22
4560	11
4561	11
4562	11
4566	3
4567	17
4568	11
4569	17
4570	20
4571	24
4572	0
4574	0
4575	0
4576	0
4577	24
4578	24
4579	24
4580	25
4581	25
4587	11
4582	25
4583	20
4585	21
4586	3
4590	22
4588	20
4589	20
4591	14
4592	9
4593	21
4594	4
4595	4
4596	4
4597	8
4598	7
4600	4
4601	4
4602	4
4603	2
4604	4
4605	4
4606	4
4607	0
4608	4
4609	14
4610	14
4611	14
4612	14
4613	9
4614	21
4615	21
4616	21
4617	9
4618	11
4619	24
4709	2
4620	11
4621	11
4622	11
4626	2
4627	2
4628	20
4629	10
4630	19
4631	4
4632	23
4625	18
4636	7
4637	1
4633	5
4634	11
4638	15
4639	6
4642	25
4643	19
4645	12
4646	5
4647	12
4644	15
4648	1
4649	1
4650	1
4651	1
4652	19
4654	4
4655	22
4656	10
5638	8
6036	4
6037	8
6038	25
4663	0
4657	21
4659	4
4660	3
4661	20
4662	21
4664	25
4665	21
4666	18
4667	22
4668	18
4669	22
4670	17
4671	22
4672	22
4678	10
4675	2
4673	20
4674	25
4676	11
4677	8
4679	11
4680	0
4681	16
4682	0
4685	11
4686	22
4687	12
4688	24
4689	7
4683	25
4684	25
4690	21
4691	21
4692	1
4693	18
4694	6
4696	18
4697	24
4698	24
4699	24
4700	21
4701	21
4702	21
4703	21
4704	21
4705	7
4706	14
4715	4
4707	0
4708	0
4710	7
4712	4
4713	7
4716	21
4717	21
4718	21
4719	22
4720	10
4721	5
4722	18
4723	17
4724	18
4725	3
4726	3
4731	14
4732	0
4727	2
4728	7
4729	2
4730	25
4733	4
4734	0
4743	2
4744	2
4745	2
4735	25
4736	11
4737	11
4739	11
4740	20
4741	1
4742	4
4752	7
4753	11
4754	8
4750	11
4751	7
4746	5
4747	14
4748	1
4749	14
4755	7
4756	12
4757	10
4758	14
4824	21
4838	22
4839	23
4840	8
4841	25
4842	8
4843	8
4759	4
4760	4
4761	4
4762	12
4763	0
4764	0
4765	0
4766	8
4767	1
4768	1
4769	2
4770	4
4771	3
4772	12
4773	10
4774	10
4775	3
4776	3
4777	3
4854	22
4778	22
4779	24
4780	0
4782	9
4783	17
4784	7
4785	25
4786	25
4787	25
4788	22
4789	11
4790	18
4791	5
4792	2
4872	3
4883	3
4794	15
4795	15
4796	16
4802	14
4797	18
4798	25
4799	0
4800	24
4801	25
4804	14
4805	10
4807	14
4808	2
4809	6
4810	7
4811	20
4812	20
4813	9
4814	9
4815	3
4819	2
4820	2
4816	16
4817	16
4827	2
4821	17
4822	10
4823	24
4826	21
4836	14
4837	14
4831	22
4832	22
4833	15
4834	0
4835	0
4845	20
4847	21
4848	21
4849	21
4850	21
4851	21
4852	0
4853	19
4866	18
4855	5
4856	14
4857	18
4864	21
4865	21
4858	6
4859	6
4860	6
4861	4
4862	6
4863	6
4867	25
4869	25
4870	0
4871	10
4873	25
4874	7
4875	4
4877	18
4879	24
4880	0
4881	12
4882	18
4884	17
4885	17
4886	17
4887	17
4888	0
4889	20
4890	20
4899	11
4893	11
4959	14
4895	8
4896	6
4897	1
4898	1
4900	7
4901	22
4902	22
4903	0
4904	17
4905	17
4913	11
4914	8
4908	16
4909	4
5688	18
5823	22
6138	7
4910	18
4911	18
4912	25
4915	22
4916	25
4917	2
4918	16
4919	16
4920	20
4921	14
4926	8
4927	8
4928	8
4922	8
4923	25
4924	24
4925	24
4929	14
4930	5
5089	18
5891	18
5892	19
5893	7
5894	18
4931	21
5848	1
5849	1
5850	1
5851	1
5852	1
5853	1
4932	4
4933	14
4934	1
4935	9
4936	10
4937	20
4938	10
4939	16
4940	25
4941	22
4942	22
4943	22
4946	19
4947	19
4948	23
4949	7
4950	23
4951	10
4952	23
4954	0
4955	0
4956	0
4958	19
5155	18
5229	18
5267	7
5937	11
5938	4
5939	18
4960	18
4961	18
4962	18
5264	10
5337	16
4963	5
4964	5
4965	5
4966	5
4967	9
4968	23
4969	3
4971	5
4972	5
4975	25
4976	18
4977	10
4978	10
4984	2
4985	2
4986	2
4987	1
4988	7
4989	25
4990	25
4981	23
4982	21
4983	21
4998	14
4999	7
5000	10
4991	17
4992	17
4993	3
4994	17
4995	10
4996	12
4997	21
5002	21
5003	10
5004	15
5005	8
5006	8
5007	24
5051	4
5008	7
5088	23
5889	23
5890	23
5010	21
5011	21
5012	2
5016	11
5017	1
5018	1
5021	1
5019	25
5020	25
5496	18
6241	2
6242	18
5022	4
5023	10
5026	12
5027	0
5024	18
5025	22
5028	9
5036	0
5037	9
5039	21
5040	5
5041	21
5038	21
5029	7
5030	12
5031	0
5032	0
5033	0
5034	3
5035	0
5049	1
5050	18
5042	8
5043	8
5044	7
5045	21
5046	11
5047	11
5124	23
5125	23
5052	2
5054	11
5055	11
5066	3
5067	25
5068	25
5069	25
5057	25
5058	0
5059	4
5060	17
5061	17
5062	17
5063	25
5064	4
5065	25
5072	2
5073	16
5070	16
5071	16
5076	22
5074	2
5075	4
5077	0
5081	14
5078	16
5079	6
5080	6
5082	11
5086	18
5083	6
5084	6
5085	6
5087	18
5090	7
5097	8
5098	20
5103	21
5105	23
5091	20
5092	11
5093	22
5094	22
5095	22
5096	6
5099	4
5100	4
5101	22
5102	25
5361	17
5104	14
5814	21
5815	15
5126	19
5127	19
5128	24
5109	22
5110	24
5111	22
5112	22
5113	3
5118	18
5119	11
5120	12
5121	9
5122	7
5123	18
5129	24
5130	2
5131	25
5132	25
5146	7
5147	14
5148	7
5133	19
5134	19
5135	18
5136	19
5149	21
5141	2
5142	2
5143	4
5144	4
5145	4
5150	8
5151	25
5152	24
5153	10
5053	11
5156	12
5161	17
5157	3
5158	25
5160	21
5169	18
5166	24
5167	12
5168	2
5178	24
5180	7
5181	25
5182	2
5183	22
5184	25
5185	25
5186	10
5187	25
5188	25
5189	25
5190	25
5191	4
5193	14
5194	14
5195	1
5196	0
5197	4
5198	14
5200	14
5201	7
5202	0
5203	0
5204	8
5205	16
5206	14
5207	25
5208	17
5210	3
5211	9
5212	3
5213	17
5214	15
5215	3
5216	8
5217	10
5218	10
5219	10
5220	25
5221	1
5222	8
5225	24
5223	2
5231	25
5226	7
5227	24
5228	9
5230	22
5240	10
5323	21
5232	20
5233	20
5234	20
5242	11
5243	11
5244	11
5245	7
5252	10
5253	21
5254	15
5255	7
5256	10
5257	10
5258	10
5259	10
5251	12
5246	1
5247	3
5248	23
5249	23
5250	1
5260	5
5261	5
5262	5
5345	25
5263	7
5265	17
5266	4
5268	0
5269	8
5270	21
5271	21
5272	24
5282	25
5279	18
5280	25
5281	7
5283	25
5276	12
5278	17
5273	20
5274	10
5275	25
5287	15
5291	3
5284	1
5285	15
5286	4
5288	8
5290	8
5292	3
5293	0
5294	16
5295	0
5296	18
5297	2
5298	21
5299	21
5300	21
5301	25
5302	8
5303	8
5306	12
5307	24
5308	5
5309	5
5313	22
5314	22
5315	4
5316	2
5317	11
5318	22
5319	11
5392	20
5320	16
5321	8
5322	1
5327	2
5331	9
5332	7
5328	19
5329	19
5330	19
5336	20
5333	4
5334	21
5335	21
5339	7
5340	1
5341	1
5572	6
5868	9
5884	6
5344	10
5348	14
5349	20
5346	11
5347	14
5353	9
5350	23
5351	17
5352	17
5354	11
5355	11
5356	5
5357	15
5358	11
5359	7
5360	17
5376	0
5362	0
5363	0
5364	0
5365	24
5382	20
5383	20
5366	0
5367	11
5368	12
5380	9
5369	21
5370	4
5371	4
5372	9
5373	4
5374	4
5375	4
5381	2
5377	4
5378	4
5379	9
5386	7
5387	9
5388	9
5389	9
5390	9
5384	20
5385	4
5391	10
5393	14
5394	4
5395	15
5397	5
5398	18
5396	4
5399	15
5400	15
5401	15
5402	15
5406	6
5342	19
5407	11
5408	1
5409	1
5410	8
5954	4
5955	4
5411	21
5434	25
5435	25
5436	0
5412	21
5413	2
5415	22
5416	22
5419	25
5420	25
5421	22
5422	22
5423	4
5424	7
5425	21
5426	18
5427	18
5430	6
5431	6
5432	10
5433	6
5429	21
5438	10
5439	5
5440	12
5441	4
5442	11
5443	3
5444	18
5445	18
5446	18
5456	3
5453	25
5447	4
5448	9
5473	25
5474	15
5475	4
5451	14
5454	11
5455	11
5457	20
5458	25
5459	2
5460	1
5461	2
5462	14
5463	5
5464	1
5465	1
5466	1
5467	8
5469	8
5470	8
5477	1
5471	2
5472	18
5485	22
5486	5
5478	7
5479	3
5480	25
5481	25
5482	25
5488	9
5489	9
5492	4
5493	22
5495	18
5497	19
5499	25
5500	21
5498	7
5503	24
5504	9
5505	22
5507	10
5508	1
5506	10
5510	7
5509	3
5511	10
5512	10
5513	20
5514	20
5515	7
5523	19
5524	21
5521	15
5522	15
5525	14
5881	6
5526	21
5527	0
5528	3
5529	0
5531	14
5532	7
5530	18
5533	21
5534	21
5535	24
5536	21
5543	7
5544	25
5545	22
5546	18
5547	0
5548	0
5549	0
5672	12
5553	20
5550	0
5551	0
5552	20
5554	23
5555	23
5568	14
5569	2
5556	22
5557	22
5558	22
5559	0
5560	0
5561	0
5562	15
5563	16
5564	16
5565	16
5566	8
5567	8
5577	16
5573	4
5574	4
5575	4
5576	15
5585	9
5586	9
5578	4
5579	25
5580	4
5581	24
5582	24
5583	23
5587	21
5588	2
5589	11
5590	10
5591	10
5592	10
5593	10
5594	24
5595	24
5596	24
5597	24
5598	24
5599	7
5601	11
5604	1
5602	22
5603	21
5605	9
5617	7
5606	0
5607	21
5608	15
5609	0
5610	0
5611	9
5612	5
5613	5
5614	21
5615	22
5616	4
5618	2
5619	10
5621	25
5622	25
5620	3
5631	25
5632	14
5633	25
5623	25
5624	16
5625	16
5626	23
5627	4
5630	0
5635	6
5636	6
5637	25
5639	1
5640	1
5642	15
5643	24
5641	3
5644	22
5646	25
5647	18
5648	18
5649	18
5650	18
5651	15
5652	18
5654	7
5655	14
5656	21
5657	21
5658	25
5659	25
5670	3
5671	0
5673	12
5674	12
5678	2
5679	2
5680	20
5675	15
5676	15
5677	14
5681	9
5682	0
5683	9
5684	9
5685	18
5686	9
5687	9
5689	25
5690	25
5691	11
5692	4
5693	4
5694	4
5700	1
5701	21
5695	15
5696	0
5697	0
5698	4
5699	4
5710	15
5711	14
5712	14
5713	14
5702	0
5704	14
5708	25
5709	25
5703	9
5705	17
5706	17
5707	17
5714	15
5715	25
5716	6
5718	25
5719	1
5720	23
5721	24
5722	24
5723	24
5726	7
5727	8
5728	0
5729	15
5725	17
5733	1
5738	12
5739	12
5740	12
5741	12
5742	25
5743	12
5744	12
5745	12
5746	12
5731	15
5732	15
5730	7
5734	10
5735	8
5736	24
5737	24
5757	20
5747	12
5748	15
5758	3
5749	18
5750	14
5751	15
5752	15
5753	12
5754	15
5755	15
5756	15
5660	3
5661	3
5662	3
5663	3
5664	3
5665	3
5666	3
5667	3
5668	3
5669	3
5766	3
5759	22
5760	16
5761	3
5762	16
5763	18
5764	18
5765	8
5767	17
5768	12
5769	4
5770	4
5771	0
5772	4
5773	22
5774	22
5775	8
5776	8
5781	21
5782	22
5542	9
5783	22
5784	5
5816	15
5789	17
5790	17
5791	18
5792	7
5793	5
5794	15
5798	0
5799	4
5800	4
5801	4
5802	4
5805	18
5803	6
5804	16
5809	7
5810	8
5811	8
5820	21
5821	2
5822	2
5812	0
5813	0
5827	21
5828	7
5817	10
5818	12
5819	7
5824	0
5825	3
5826	3
5829	23
5830	20
5831	23
5832	2
5833	2
5834	7
5835	1
5839	18
5882	18
5836	5
5837	5
5838	5
5858	9
5841	4
5842	4
5843	4
5844	8
5847	10
5845	19
5846	19
5854	22
5855	19
5856	1
5857	1
5859	3
5860	3
5861	3
5862	3
5863	3
5864	3
5865	3
5866	0
5867	0
5902	14
5903	14
5537	9
5538	9
5539	9
5540	9
5869	9
5870	9
6292	22
6293	18
6294	22
6295	22
5871	0
5872	0
5873	20
5874	16
5875	16
5876	16
5877	16
5878	16
5879	6
5883	4
5887	15
5888	9
5885	10
5886	24
5897	15
5898	15
5899	1
5896	18
5900	22
5901	21
5904	2
5905	10
5906	25
5907	11
5908	25
5912	16
5913	22
5910	23
5911	18
5914	0
5915	8
5918	24
5917	22
5923	25
5924	18
5925	18
5926	25
5921	18
5919	15
5920	15
5927	19
5928	7
5929	19
5922	21
5930	3
5932	23
5933	15
5934	15
5935	14
5936	8
5975	15
5943	25
5944	21
5945	6
5946	6
5947	8
5948	8
5949	8
5950	7
5951	18
5952	15
5953	15
5956	21
5957	25
5961	25
5962	7
5963	14
5966	12
5967	12
5964	15
5965	15
5968	22
5969	22
5970	8
5971	10
5972	18
6008	8
6009	8
6010	8
6011	8
5976	18
5977	22
5978	7
5979	22
5980	1
5981	0
5982	2
5983	5
5984	5
5985	5
5986	15
5987	15
5988	7
5989	15
5990	22
5991	15
5992	16
5993	16
5994	16
5995	16
5996	16
5997	16
5998	16
5999	9
6002	21
6003	21
6004	3
6005	21
6006	2
6007	22
6059	21
6060	7
6023	23
6024	20
6025	20
6012	21
6013	23
6014	23
6015	1
6016	9
6017	23
6018	4
6019	23
6020	23
6021	23
6022	15
6026	10
6027	10
6028	10
6029	10
6030	10
6031	5
6032	22
6033	19
6034	19
6035	19
6040	6
6041	24
6042	15
6043	15
6044	15
6045	15
6046	7
6047	15
6048	15
6049	19
6050	15
6051	15
6052	15
6053	15
6056	1
6057	16
6058	1
6054	21
6055	21
6063	8
6064	11
6065	4
6066	8
6067	7
6068	18
6069	5
6070	18
6072	18
6073	4
6074	4
6075	4
6076	21
6077	7
6078	18
6079	17
6080	15
6081	22
6082	21
6083	21
6084	25
6085	25
6086	25
6088	15
6089	21
6090	8
6091	10
6092	7
6093	8
6096	1
6094	0
6095	0
6097	2
6098	21
6099	15
6100	15
6101	15
6102	1
6103	15
6104	15
6109	22
6110	22
6111	11
6105	16
6106	16
6107	16
6112	3
6113	3
6114	3
6115	3
6116	3
6117	2
6118	21
6119	2
6120	2
6123	8
6124	0
6125	12
6126	21
6127	1
6128	9
6129	9
6130	9
6134	23
6135	23
6136	23
6137	4
6157	15
6158	15
6159	15
6160	15
6161	15
6162	15
6163	1
6164	15
6165	10
6166	15
6139	19
6140	19
6141	3
6142	19
6143	15
6144	15
6145	15
6146	15
6147	15
6148	15
6149	15
6150	23
6151	0
6152	23
6153	23
6154	8
6155	18
6156	8
6167	5
6249	0
6250	0
6251	24
6252	21
6169	4
6170	21
6171	23
6237	21
6172	8
6173	8
6174	7
6175	7
6176	0
6177	0
6178	0
6179	15
6180	15
6280	1
6281	1
6182	23
6195	22
6196	8
6189	3
6190	3
6191	3
6192	3
6193	22
6194	1
6183	0
6184	12
6185	12
6186	10
6187	12
6188	12
6197	19
6198	19
6199	19
6200	19
6201	19
6202	19
6203	19
6204	19
6205	19
6206	19
6207	19
6208	19
6209	19
6210	19
6211	19
6212	19
6213	19
6214	19
6215	19
6216	19
6217	19
6218	19
6219	19
6220	19
6221	19
6222	19
6223	19
6224	19
6225	19
6226	19
6227	19
6228	19
6229	3
6230	18
6231	18
6233	1
6234	4
6235	4
6238	21
6239	21
6240	21
6236	23
6243	15
6244	25
6245	4
6246	22
6289	1
6247	8
6248	8
6253	3
6254	3
6258	21
6259	21
6260	21
6261	21
6255	14
6256	2
6257	2
6268	0
6269	0
6270	0
6262	24
6263	24
6264	7
6265	21
6266	21
6267	21
6271	21
6272	21
6273	18
6274	21
6275	21
6282	0
6283	0
6276	15
6277	18
6278	18
6290	18
6284	8
6285	8
6286	8
6287	8
6288	8
6291	0
6296	15
6300	18
6297	15
6298	15
6299	15
