1595	5
0	5
7826	5
2490	6
6453	6
6962	0
3	0
518	14
97	12
1931	25
2	16
5	14
178	3
43	17
3028	5
1	1
9	2
183	9
3275	5
5606	5
1314	14
4816	5
6274	13
1561	20
3935	25
697	4
721	4
132	4
5044	3
16	3
1199	23
923	16
47	21
568	1
7116	1
602	16
129	25
8	11
2196	11
1128	16
841	16
3912	1
4110	1
5124	5
247	9
5864	22
220	22
6478	0
543	21
2304	21
1814	4
1599	4
3834	25
1011	25
636	1
2176	3
2791	25
830	5
5196	1
7061	5
2282	3
4261	11
12	11
213	8
7861	18
3421	18
469	21
232	21
1851	19
1574	19
3445	0
5532	13
4437	8
4095	8
1350	22
2510	5
4025	4
739	8
198	22
5162	20
3221	4
658	4
4157	20
364	20
221	8
648	20
2574	5
611	1
4	6
3044	14
627	14
647	8
3340	26
6842	5
3032	16
943	16
729	19
77	17
17	21
57	18
3600	9
404	9
2291	5
1120	1
1744	11
5720	2
577	0
540	13
179	8
6561	5
7928	5
557	12
5032	0
2689	9
29	21
3762	23
981	8
51	27
2022	27
255	12
78	7
1160	1
4074	23
486	23
7663	5
6474	12
1458	12
4863	11
4523	18
3942	4
177	4
127	2
148	19
763	24
990	9
134	27
4401	9
69	9
1639	0
188	6
278	27
5340	16
463	4
740	12
937	16
193	9
570	24
339	24
993	1
1203	9
2343	9
4031	12
1637	12
1981	16
495	7
643	19
72	2
5483	16
3743	21
2925	21
4795	16
28	20
748	9
1540	6
676	7
280	21
2604	27
3481	18
120	3
83	20
2356	8
395	1
2603	1
642	0
92	6
25	22
3055	22
7	6
503	13
2171	1
5600	16
102	21
3442	0
1481	13
4550	13
1875	13
1424	14
2309	14
1388	26
2126	26
335	20
4743	16
58	25
789	6
82	12
455	19
2137	25
7790	5
1463	16
2017	7
39	7
200	8
644	8
1895	16
7077	0
89	4
4765	4
149	11
1278	5
7634	16
2712	16
6764	18
1988	21
1713	5
2702	1
337	11
940	0
5363	0
6204	16
207	26
4591	26
38	13
580	14
4116	11
665	19
286	11
1384	6
1827	18
2804	20
4213	20
3788	5
124	8
3100	16
1395	13
1766	20
275	0
707	3
50	9
4914	22
2236	1
352	9
1694	6
5570	1
48	25
300	20
1622	1
2292	2
230	9
3731	9
5311	1
6149	10
3235	10
19	12
6	21
251	0
7480	0
2202	0
497	24
1608	27
2580	5
5894	5
2283	9
6829	11
3666	11
1343	22
479	9
1590	6
266	2
1224	2
392	22
7026	21
4845	5
7345	19
3644	19
1997	10
1329	6
112	0
386	4
3270	0
3625	3
5675	5
445	1
6525	5
3464	16
1222	16
3976	1
710	1
2539	24
1124	20
7355	5
2989	1
334	1
778	21
362	22
4439	12
157	21
630	2
1958	27
257	27
6738	16
6356	11
2358	4
80	4
36	21
688	26
843	27
1382	3
2471	24
4345	5
5461	10
40	10
930	8
4249	8
26	11
490	12
94	6
2494	21
155	21
1497	5
6077	11
13	26
160	21
3387	4
434	21
119	6
2523	6
1673	5
3592	5
901	5
1301	21
403	2
110	25
1520	16
3634	5
5099	10
23	8
11	9
5191	5
7735	0
3353	5
235	19
624	0
6871	5
1911	1
2860	3
3927	8
3910	20
5425	9
3168	13
5851	3
2048	16
359	5
838	7
606	12
1149	13
4286	13
2418	25
56	25
4130	19
2261	19
3767	1
5210	8
3785	8
1189	13
10	9
3360	9
459	1
1186	5
633	9
7487	10
6209	16
2457	16
663	8
908	1
2869	14
4410	5
6371	5
1155	21
415	3
3869	0
735	0
546	0
7725	0
1556	22
7964	22
681	21
3418	19
7406	16
171	25
5689	25
5496	5
6265	0
1782	0
689	8
1187	19
6920	8
4668	2
2157	18
381	11
1968	24
457	21
3126	12
1702	12
4861	0
2369	5
408	6
1791	5
7158	0
4177	13
70	13
7405	16
3030	9
5467	9
616	9
239	19
2683	18
7239	12
5446	12
4756	5
390	0
5543	13
1982	13
6798	0
323	0
539	19
2166	5
205	21
2733	12
2918	21
1043	4
5595	0
678	27
6079	1
4009	1
1908	13
162	7
4542	22
20	12
528	17
1035	25
2964	0
4020	5
2774	16
1356	6
382	6
18	25
4892	25
523	12
244	6
4485	8
1730	13
1010	12
2715	16
5105	5
7176	5
5389	7
3490	7
6217	9
261	3
6634	6
137	20
7617	12
7096	12
375	3
1107	13
3369	0
5975	8
2434	19
5997	1
1840	4
27	22
305	14
3901	13
1518	22
75	22
161	1
373	13
551	9
42	27
5262	13
3250	13
393	13
1686	12
1114	1
2231	27
270	6
1698	18
3457	14
3017	14
1309	25
5907	5
84	8
163	6
4747	9
3749	16
2885	0
4204	0
1647	16
91	22
6251	9
2419	9
723	25
7834	0
6129	8
1788	22
252	20
3567	18
3036	9
1322	25
452	12
478	6
5817	21
5323	7
7368	4
984	13
6277	6
2561	27
856	13
4118	13
283	8
2198	8
679	18
736	12
2662	19
60	13
813	21
2536	19
5799	14
1063	22
2834	22
3038	21
1355	12
5204	22
7069	1
1085	16
2680	1
2469	6
150	27
106	12
1228	8
3190	8
1421	5
2817	5
2996	5
1972	12
4923	5
31	7
774	4
6884	5
1054	16
180	13
187	12
2077	0
372	22
767	13
3441	13
6603	5
4889	1
548	0
1890	5
6767	16
2899	24
5517	24
629	13
2956	1
2916	1
3163	6
338	7
1430	5
2882	19
225	10
446	15
7671	12
4276	4
79	8
1292	12
2023	21
3049	19
903	26
7899	24
1335	16
471	19
1582	1
2290	19
2679	4
588	9
718	1
7765	21
262	21
3258	5
1261	5
5491	1
101	17
3438	3
343	5
3077	0
24	4
4288	27
7584	27
85	21
219	14
437	18
6074	5
1733	11
2016	25
4593	4
196	3
3964	7
282	7
756	20
1543	3
3636	22
4067	16
7118	13
3091	13
218	22
2037	20
5760	8
142	8
799	4
2327	6
226	6
332	12
1036	6
594	21
5207	25
4960	25
1557	3
363	9
994	16
1892	13
54	22
1621	8
411	14
7991	14
4470	4
3939	1
5534	4
2156	4
116	2
7949	0
783	27
673	27
6246	5
1030	15
1480	21
166	13
3107	21
276	19
1437	0
526	19
802	14
1833	9
3398	9
2463	11
3830	13
7146	5
7145	5
512	14
1401	0
7668	16
634	19
1705	19
564	18
4318	19
7247	0
549	1
852	1
5090	5
109	14
861	19
397	24
475	18
3011	17
169	26
269	25
5566	16
730	16
45	25
3917	25
6152	8
4549	7
1369	9
5698	3
141	3
4631	3
2998	10
7305	5
347	3
701	18
64	23
596	3
4606	5
5717	5
1351	1
7472	12
2414	13
146	13
4030	21
1154	21
7043	9
4321	9
292	25
502	22
6447	5
1820	5
2704	13
936	3
3720	3
7397	5
46	23
1425	25
61	18
1500	4
5299	1
776	1
2590	10
669	18
885	19
5224	13
34	23
4131	5
2997	16
1080	22
3738	22
7448	13
4785	0
2437	16
1715	5
5217	5
2051	16
4209	16
780	16
4012	16
7254	25
7482	1
172	16
491	24
638	19
3267	17
1434	15
3395	5
3889	17
329	17
3642	0
4936	5
6897	5
2778	14
817	16
6224	5
2213	16
2317	18
2090	14
6559	12
167	7
712	13
5782	5
3292	16
1914	6
2287	6
2497	16
173	12
1847	12
2575	6
1231	19
367	19
1470	20
3400	20
4580	7
2871	0
614	7
3384	17
6140	16
4692	16
2688	24
3775	0
6830	5
1690	12
533	4
950	5
4452	25
115	4
333	27
32	8
2383	19
2541	0
376	6
513	3
68	3
2036	5
2307	16
63	16
3741	7
5282	5
65	26
605	3
3826	2
168	2
285	27
6923	14
550	14
731	21
1689	24
114	24
295	11
2011	11
418	22
2143	16
389	2
785	21
4544	21
2587	21
2488	21
2195	16
33	12
450	7
3571	3
1452	3
863	12
6103	5
1546	1
3929	16
741	8
2994	1
1974	12
1280	23
3241	5
4551	0
4857	14
6759	5
6069	1
848	13
939	2
3236	25
1111	20
7413	27
5884	5
637	4
2752	6
1492	1
4806	5
4062	5
3974	8
6326	1
3685	1
796	21
6259	19
4298	7
175	16
6657	0
2476	5
646	14
1882	19
3587	12
1531	2
281	3
2263	25
145	13
396	20
5465	21
1985	21
6808	6
5119	5
6376	16
6410	13
319	16
2960	1
1949	22
1734	22
296	0
1696	8
5957	20
174	25
5113	6
2204	6
3452	5
7629	5
4387	18
151	24
6672	24
7657	16
2883	8
5238	8
93	18
6324	5
5730	5
858	14
6756	0
301	18
1118	10
6782	2
59	16
4585	10
6661	3
353	19
3171	19
3220	0
1886	8
136	1
4144	5
7129	5
3257	3
1577	16
784	14
6239	14
2322	5
3689	2
888	2
3805	2
1913	21
2569	1
5246	5
258	4
1363	7
6256	0
7761	20
508	20
7975	5
3539	19
4398	19
3408	10
931	8
1038	20
6670	5
1539	5
2430	16
522	0
348	0
3025	3
2720	8
3219	12
158	25
6918	13
3390	13
1784	0
5795	5
3806	22
2391	22
254	4
2205	4
1242	6
1476	0
44	0
5667	11
4243	14
1244	2
2423	17
7475	5
1863	1
4104	1
4384	5
1412	1
2337	13
1439	13
492	0
204	8
4620	8
1267	0
140	3
21	21
2846	1
4465	5
593	10
2658	16
1793	5
5064	11
851	6
5965	1
7855	0
1475	9
744	25
1792	13
2189	1
7140	1
412	22
1062	16
542	16
7680	16
379	22
3473	5
7645	0
138	8
7821	5
2687	1
6116	5
164	21
3918	12
1894	12
1770	20
1159	16
677	12
3854	12
4811	5
6772	5
1435	21
2946	21
2516	6
1185	8
95	18
1287	9
585	9
5988	26
3699	21
846	2
1707	7
2305	25
1090	18
5616	4
4679	5
6783	5
2281	9
118	2
2029	11
147	24
3202	16
6584	25
125	25
1807	25
108	8
99	3
2636	20
1078	16
4928	17
1302	12
2770	19
1091	22
7040	5
181	21
4293	1
960	0
4978	8
1803	8
1092	11
1223	16
1076	8
4876	5
1986	6
1013	13
2903	16
4819	8
3982	8
2779	1
6556	5
2822	13
55	12
5962	5
4789	6
5377	9
926	9
7923	5
1211	1
818	1
131	19
7642	5
4657	18
439	15
206	3
879	12
3526	12
6233	6
2684	0
5588	4
1797	4
6337	5
5759	5
2821	18
6109	1
1960	22
7085	27
6929	27
7945	0
1528	16
3204	3
1944	26
2616	5
3890	8
671	9
6685	13
432	13
370	17
4072	1
1775	3
617	16
388	21
387	12
7908	27
488	27
1000	1
1994	1
6027	5
893	13
2564	6
4139	1
3930	3
2251	13
3063	25
5657	0
5842	1
6683	5
2528	15
4438	15
7870	5
4105	18
6444	16
1479	3
684	1
5268	9
211	3
771	6
3332	15
7874	16
2030	8
3386	16
2244	8
3986	5
243	16
402	14
5254	14
7499	12
365	16
1650	12
5194	19
76	22
956	14
2937	25
2431	16
1204	26
680	26
4238	5
6229	22
66	4
6606	16
341	22
3783	15
5324	8
5756	0
6551	16
749	22
986	6
840	6
6031	18
3502	5
7792	22
7004	5
3379	24
263	4
2993	0
6012	4
5114	22
1507	16
3335	6
3064	9
5945	6
668	3
7151	4
192	4
6455	5
6728	4
81	4
1188	16
5602	16
453	19
222	3
2967	27
2348	0
1486	6
4739	18
6042	5
2302	2
3002	5
5423	0
6504	5
436	19
1790	19
573	8
260	13
2893	11
507	19
3851	19
4188	22
4751	16
1119	12
1726	25
349	4
4094	25
1961	9
529	4
3018	4
6260	20
6289	1
1392	14
4070	0
1857	21
601	6
5083	6
6452	21
2466	8
7097	13
3835	13
1041	6
1739	11
4069	27
2518	5
1668	14
3629	22
674	4
1727	11
1743	6
619	8
6850	5
327	2
2667	1
509	1
1208	20
7144	6
4868	8
1162	8
6461	25
5683	27
883	27
811	20
884	20
1625	13
1168	6
1422	25
73	6
2120	12
22	24
3936	5
628	16
742	6
394	3
6291	5
2848	0
6366	5
6583	22
1980	22
346	12
297	12
3563	15
2368	15
273	25
1941	25
589	1
5946	8
7730	18
954	26
1989	5
2830	0
4271	13
3950	5
3143	25
5586	8
2792	8
86	7
2890	14
2426	6
2645	5
1375	4
6298	16
4269	7
6383	26
5793	26
5655	4
5365	4
197	6
2364	5
3089	27
6040	5
4769	1
191	6
7029	12
6815	20
271	18
3450	3
1489	6
3358	21
773	1
2330	25
6696	5
3141	5
5774	5
6022	21
6726	17
3637	17
5729	13
233	14
7551	0
184	21
6431	5
5858	14
1297	14
1471	1
3787	3
4215	9
2297	9
4973	1
5178	5
711	8
4080	3
743	8
914	0
4969	25
3434	25
5063	3
227	19
216	1
1755	9
3645	0
7677	5
4598	22
1005	4
6212	5
3981	1
1400	1
4461	1
853	16
2761	1
965	4
1801	1
176	1
971	6
1768	23
1257	5
5337	6
1218	11
1808	8
3515	5
530	21
5056	0
113	12
2130	13
3145	5
4832	16
505	4
1616	6
2210	11
5902	26
717	4
1502	18
344	16
1175	9
5393	3
2094	2
441	27
7133	27
687	0
3296	5
4755	16
4333	20
6063	6
400	1
203	22
7565	16
4326	16
3272	17
4208	5
374	27
1389	6
1725	5
4520	5
1659	5
128	8
6647	4
242	3
3415	0
2182	4
7980	16
6676	16
1942	16
3861	5
1132	5
5978	1
121	11
7605	6
2776	3
5237	0
6959	9
7363	5
1899	16
1273	15
2812	5
969	16
135	12
1098	14
7329	1
5610	21
182	6
5199	19
6225	5
6083	21
6317	14
6967	7
5853	0
3361	19
7743	0
4124	6
4918	5
5052	5
5963	25
4048	22
2393	13
6879	5
1426	16
860	18
2056	5
6232	4
6568	27
2443	8
7722	1
7166	9
536	13
695	12
1126	25
7428	0
3137	16
795	16
7243	15
487	8
1903	11
916	4
4285	9
2877	5
7650	0
1348	9
4559	16
727	6
308	8
240	8
2002	10
7209	5
1746	12
2843	1
5248	5
850	27
6510	27
2181	19
4775	19
6867	4
90	3
5651	14
391	9
3693	18
4366	1
4369	3
465	21
1679	26
565	18
1442	25
4718	9
751	8
96	17
4645	22
2329	5
3223	27
2178	0
483	4
2174	5
435	16
6454	13
6876	0
1697	13
1045	6
4233	6
6386	17
1133	27
2301	6
7530	5
7240	5
3133	22
967	1
1450	22
1161	17
1194	22
6415	2
822	2
604	8
1018	5
2163	8
1037	14
2442	5
3809	7
299	26
1848	5
6928	9
4246	0
2117	15
2003	5
1756	11
2766	20
559	4
2723	26
1918	26
3791	1
2698	24
416	24
2896	8
1934	8
5575	18
2009	13
1645	5
2239	5
1938	21
3151	21
279	21
886	8
3308	8
6990	11
130	8
4363	0
1364	10
857	22
4588	22
3325	12
3802	11
5691	11
870	8
466	1
1610	16
1575	16
864	27
6389	6
139	19
4897	6
7156	2
7457	6
613	1
1040	15
1398	24
2796	6
3671	3
1201	15
5212	5
7410	17
651	27
7941	5
1429	11
2286	2
2773	16
5585	0
7535	21
5835	21
208	19
3427	4
5514	1
1234	19
2428	8
556	0
7997	21
410	21
238	9
5521	9
1210	25
6528	19
6735	19
4712	5
1764	1
2991	21
1529	6
3507	25
4848	6
5230	22
7256	1
53	11
2031	25
5061	20
4173	20
7238	5
2970	9
5581	0
5565	0
5560	11
7831	14
4196	16
449	19
538	6
4434	6
726	5
3958	9
2838	20
6957	8
3085	0
1883	19
2406	5
1240	20
531	19
1615	19
1184	23
3995	1
417	1
1623	4
4601	0
639	27
7027	27
1929	2
7850	14
1843	14
1233	26
2955	16
3557	1
312	23
2958	23
6457	5
4294	1
6213	12
1303	5
1056	13
2719	8
7303	5
5845	1
7957	0
256	3
6516	12
791	5
1236	11
265	11
1023	9
3306	20
1818	20
7591	0
2924	3
3120	1
5310	16
1873	3
4538	2
572	22
5041	2
87	2
3135	22
558	8
215	20
2028	27
165	14
6230	1
2670	19
291	16
2441	20
4934	5
945	3
4376	1
3082	5
4639	5
4628	10
6736	10
1096	2
632	2
2927	22
3330	22
5293	0
675	23
7183	0
586	21
2344	13
2008	25
978	22
2754	0
1804	0
3903	20
1109	4
762	8
7432	11
4627	25
3906	13
6925	19
1229	11
2413	17
1553	12
1493	10
7820	10
2540	9
3619	9
1973	20
1523	20
107	25
1723	8
859	1
2265	3
1148	16
3798	4
7384	13
3072	20
1294	20
2496	12
2772	11
4932	1
35	8
4331	8
4223	11
4944	12
6473	0
111	19
1747	16
1948	8
1306	8
1642	27
4256	16
2098	22
6388	6
217	6
5790	5
419	8
1258	8
5810	6
976	22
1125	9
2816	12
4583	12
1239	11
5509	5
5142	14
288	22
622	4
2219	6
1034	11
2267	6
3165	16
1414	6
958	5
6165	5
6955	16
574	16
1205	3
4707	1
4161	20
759	0
5290	5
5542	22
3240	8
5789	6
1016	1
3687	16
3468	19
5009	26
5877	27
6970	5
4957	13
3247	20
420	20
3035	7
2666	0
6111	5
3376	25
5862	25
4136	0
325	4
4925	21
1288	5
3249	5
2756	15
713	24
4746	24
583	21
3516	16
4821	5
5157	5
1122	21
4525	5
5636	5
1526	3
2742	14
2628	12
406	4
1773	15
2921	19
224	19
467	3
2799	0
1250	2
3162	8
517	8
3453	16
7316	5
2339	8
126	19
804	1
2765	8
5714	0
4586	0
7538	0
918	26
5117	8
3048	11
6765	6
1311	26
595	0
5591	25
4473	25
1407	1
1448	27
2450	22
2768	20
823	9
3570	5
6816	5
808	16
3662	21
4315	3
6883	10
304	5
2228	21
1629	27
690	7
1225	22
1406	6
2416	9
3518	16
5923	1
6108	0
915	23
562	12
6332	5
489	7
294	7
7974	3
6769	2
1053	1
3916	13
7599	11
3520	25
7889	25
3228	16
1585	22
1312	3
1453	24
6097	25
4422	3
887	15
494	22
2296	6
6378	6
14	12
1101	16
2127	18
6653	5
5803	3
7764	5
924	25
7439	21
1220	21
2479	8
787	13
1252	5
2093	1
5522	5
3544	9
1464	0
7277	5
7267	24
3288	22
6178	3
354	9
6585	16
2409	9
4942	16
7264	5
2898	24
5319	5
5439	13
3511	6
752	22
2115	19
1174	15
6382	16
2173	27
15	14
1485	1
7582	1
7459	25
6154	25
117	14
806	25
2107	18
4220	6
3278	8
384	13
6090	0
6499	5
1002	1
1216	0
7082	1
4083	13
4814	13
2963	4
234	6
5351	6
2124	24
1819	14
385	25
7396	10
428	25
103	6
4335	10
190	20
3446	20
6937	15
1785	12
757	20
1919	1
3608	5
4953	12
6262	0
6369	7
7054	5
1105	12
186	8
5758	3
2911	16
2294	5
1221	13
3565	20
5970	5
2495	8
2863	8
3331	4
1912	3
2797	16
1737	19
3124	0
484	11
2217	13
7683	5
4226	6
52	8
185	19
5386	0
3610	9
2716	11
1286	5
336	12
1385	4
3090	0
4561	19
1108	25
779	5
1544	3
2149	5
5486	5
3436	3
5900	13
4114	10
5733	1
322	8
6327	1
4512	6
3046	18
2990	27
6519	11
6033	11
1333	25
7467	5
820	12
2359	16
2487	8
1765	25
1256	21
482	18
1300	6
7308	16
5665	0
1427	3
4483	0
1640	16
4986	5
2492	21
7681	21
4028	1
2140	5
1729	12
5816	4
1563	16
2433	6
7940	6
833	2
6717	19
5660	20
2653	20
1265	2
2106	0
5551	5
4040	22
2640	5
4908	13
5699	5
7252	1
581	1
6861	0
7293	5
719	7
3510	5
7012	5
5051	5
3088	9
2736	8
4681	0
2411	15
500	24
4279	9
4852	22
6137	5
5388	7
1664	6
5846	1
2079	6
3748	6
4378	25
2642	1
5431	14
4567	3
5678	5
2398	21
1487	0
6609	0
7794	0
1127	8
1456	4
3840	1
5397	5
1992	22
2461	1
2453	1
2269	14
2807	1
4348	8
1415	20
5473	2
2053	4
5866	16
451	13
7733	1
4482	20
2032	20
2526	5
4931	0
1716	19
1676	8
4077	19
6729	0
1177	11
3356	16
4394	26
1032	15
6577	5
6679	19
202	22
4447	0
829	27
1176	5
4694	5
7323	9
1600	9
670	17
5928	13
911	16
6374	5
1158	23
2713	27
2288	4
1490	11
2325	0
541	3
1760	23
1898	1
6730	21
824	21
3499	12
2729	7
7955	13
1266	11
5538	11
7672	3
6082	1
2820	8
592	2
2968	2
2372	5
1081	0
6491	16
5549	27
2957	4
3108	22
7099	13
4867	25
3795	19
366	23
4142	16
3142	23
6439	5
991	21
7463	21
3461	14
1926	14
7525	5
1193	14
2915	1
2780	6
154	11
1506	4
2718	5
4259	5
6220	13
7484	19
1835	19
714	19
2452	11
2222	22
5345	5
4264	12
979	1
1226	27
3012	24
3631	12
4468	22
313	22
5682	1
314	12
2218	5
2473	4
5910	5
7871	5
5046	0
4780	22
3286	13
2351	27
2908	12
6285	5
615	1
4541	5
461	6
6008	8
4822	17
7371	12
5410	5
2650	22
584	16
6344	25
7090	5
7954	1
2319	16
1359	6
932	10
2696	10
1513	4
5808	1
3650	5
6250	13
4343	1
4128	6
2169	0
1408	5
4319	10
6887	5
7574	13
977	13
6311	7
1774	6
3014	2
1888	4
1893	17
805	8
3366	1
3628	22
2044	1
405	27
5239	20
3904	10
6387	5
6538	16
2701	18
3094	18
1603	16
2390	1
4642	1
5256	5
122	0
3673	6
3620	6
3062	24
3937	1
1815	5
267	26
913	10
1396	12
1495	14
3742	1
1936	18
442	19
6211	21
2246	13
7226	3
3231	6
1181	5
6733	5
7579	5
6425	12
4340	16
1042	20
2007	25
5611	0
5251	16
909	17
2621	17
4121	0
1051	19
5577	5
2485	12
3200	12
6616	16
2731	16
609	16
5136	1
2114	6
2316	16
1856	5
5374	1
5875	14
2165	6
6384	0
4979	25
567	27
3536	5
5093	5
3799	1
2563	8
3712	12
3111	19
5592	2
6824	2
2247	5
4943	14
1538	14
1741	0
2459	3
1248	19
2762	19
1372	24
4618	3
4671	13
4455	20
1548	0
560	25
4263	27
4509	8
1338	0
6714	9
4133	20
2108	2
2611	26
4152	1
3882	5
1632	22
5164	17
1361	27
5322	8
872	5
5101	1
7767	16
7366	0
2552	5
2225	25
1718	5
5381	10
1722	14
3811	6
5220	5
4175	24
2374	3
6269	3
237	1
350	14
4466	6
2874	6
4939	5
2200	1
6199	1
2586	12
1838	22
5593	27
6619	5
635	1
6626	5
5905	24
2668	6
1906	19
3378	18
5847	2
7840	1
3179	5
4660	26
2346	17
2405	3
3243	18
4702	4
6144	5
5109	8
6745	5
6999	0
4078	27
2039	5
7246	5
534	3
3514	16
4776	3
758	22
5150	22
7016	5
734	4
201	11
3923	6
3463	12
3966	0
6965	26
5436	0
3093	0
6087	24
6956	16
5932	0
1039	0
1283	5
6746	5
1786	1
2128	27
666	15
6390	21
6465	5
1505	5
3669	26
7048	1
2595	27
2849	27
7311	5
67	1
825	8
7071	16
3016	16
1576	8
195	11
3590	5
1021	1
5550	3
399	16
7869	1
472	1
245	10
1249	24
1609	13
6811	5
5106	7
1578	12
7769	1
4162	27
2075	11
7926	7
3692	14
2867	4
2289	22
5936	5
2891	25
4647	5
7654	13
3550	8
7622	12
5301	0
7191	0
807	2
1367	1
5225	5
4613	1
4637	21
1950	1
6293	1
5369	13
1082	13
645	5
6035	0
4147	0
3555	16
3003	16
1413	2
1731	0
7962	5
4529	0
448	0
5233	5
1902	22
6481	0
1560	23
1227	26
2055	14
4120	21
7802	18
2686	3
2183	5
6888	7
3933	11
3377	21
1626	11
5798	5
6590	6
6716	5
6331	5
4241	11
7150	16
705	1
1468	1
2965	1
383	8
1469	27
425	24
1315	0
6595	0
653	14
7007	6
5415	12
970	12
656	6
1896	13
1732	12
3757	22
4446	11
5298	5
6605	9
3476	5
747	17
1865	5
975	3
5696	16
1330	18
5328	23
6119	5
4993	2
1151	1
6775	5
1559	1
1728	0
2976	1
3239	27
4533	5
5644	5
2573	15
1130	20
1093	9
1700	25
5619	5
7324	5
1255	1
5329	21
1183	13
812	16
5069	1
599	22
6564	6
4314	14
1568	8
3617	3
973	12
1953	6
3603	0
7485	2
6744	11
1025	16
3615	1
1033	1
7734	8
2109	11
3578	9
4471	5
1759	5
6848	27
1171	3
409	3
2273	27
2547	27
3268	1
1327	20
1275	1
733	1
2900	22
737	3
2549	3
1846	6
4134	2
1779	18
1907	3
3612	6
3065	24
4877	11
3324	22
6542	11
4355	22
7607	9
504	1
2644	3
1617	15
4194	1
1613	14
2188	0
732	0
4160	22
3084	7
7793	26
307	1
4666	1
4830	21
2338	8
4759	0
1571	0
5673	0
6221	8
2618	25
1572	25
947	14
7083	21
5422	21
7388	21
3667	21
3424	27
6686	5
1432	22
862	16
2677	8
2135	5
2942	6
1376	9
7491	5
1969	22
2159	19
2940	1
4225	5
144	18
1581	18
6589	6
696	19
6578	19
1809	22
7272	5
5327	5
3845	26
4976	6
4463	1
4135	2
834	14
3489	5
760	26
4311	17
1279	23
6266	12
303	6
3773	12
3853	13
3874	19
5497	13
1606	2
6132	5
5935	26
7440	21
2199	14
1325	21
7556	5
3717	6
1866	6
2381	19
7822	19
7124	16
3843	14
501	27
869	27
4793	1
946	13
1106	12
2357	6
1965	19
5346	12
3403	27
6727	5
2505	17
3616	16
5173	5
1655	6
1440	14
3351	7
3294	16
810	9
424	14
801	23
345	23
306	24
3573	1
3045	1
1983	3
1451	27
426	25
4754	11
407	0
2478	8
6405	16
554	1
3670	1
3715	0
4148	3
598	3
7343	4
4392	0
6353	5
4655	1
4824	15
1169	15
2884	11
5926	16
7981	18
2080	2
2600	22
7199	5
839	13
371	26
1163	13
3269	19
1551	0
433	9
1612	11
3349	14
1341	1
1298	21
3254	26
6043	5
2072	22
2465	16
4738	16
6699	5
2507	22
4625	27
7752	2
6418	5
7785	5
2978	17
3348	0
5024	13
2932	6
5193	6
5559	27
5806	0
2521	0
3842	6
456	7
1310	6
1669	6
5662	21
706	21
2583	4
974	1
816	0
357	0
1026	2
7020	5
2901	16
4515	20
7702	5
5889	5
4576	21
7968	22
2961	1
423	12
5242	12
1293	3
250	9
1241	23
3299	5
3926	19
7569	5
1465	25
6520	5
1570	2
1736	16
919	26
5405	5
1031	6
6749	16
1920	2
2815	10
754	16
3213	0
1717	5
2534	5
3083	5
4163	5
5186	5
3585	9
3364	1
5979	5
3611	8
6866	5
4122	7
1932	18
7334	12
4792	19
398	19
7696	5
2388	10
7307	1
1232	17
5038	22
7431	5
3771	23
4654	1
2451	1
1854	21
1761	16
3128	8
2229	12
5748	3
2005	16
4151	13
4724	11
6611	7
7227	5
700	1
2661	5
4202	5
6777	24
4699	17
1136	13
5511	4
6056	5
7153	1
377	13
49	0
3521	1
927	12
440	12
2906	26
2404	26
4088	2
5745	5
7162	5
1853	22
4744	0
361	22
4486	14
2131	6
2533	5
6191	20
5572	25
7533	5
4884	16
2726	5
4267	5
7943	11
1399	1
1147	1
2445	16
3812	5
30	0
1699	18
4881	1
5072	5
2226	5
6814	22
3820	22
7486	27
4371	6
401	0
7262	16
2154	6
3312	5
7598	5
4951	2
7403	1
962	2
6430	21
3047	14
62	5
2538	21
1360	4
1320	4
921	1
3877	5
896	20
274	16
3013	1
1001	25
7379	5
4622	3
867	20
1554	2
4113	5
6363	10
7169	16
4907	16
3886	3
5427	3
1416	26
6895	0
1121	14
264	8
6207	10
7549	0
1247	0
1380	12
315	24
4723	5
4715	5
6614	5
4722	16
966	4
3174	5
1213	4
170	9
7412	11
854	1
5025	5
6951	5
5321	13
2018	5
277	3
1100	20
7453	3
5297	8
5502	0
7376	0
2902	3
3686	12
4629	5
3661	1
6085	5
527	1
1952	25
641	26
7836	13
3663	18
5772	16
229	21
7546	5
1466	19
6279	0
7205	0
578	22
2568	3
2739	5
4280	21
4651	12
6241	5
7930	16
7688	16
2458	5
3825	5
1864	4
5126	5
3622	19
3076	3
4262	0
1977	8
3676	10
575	16
6806	5
6189	16
1661	5
768	19
3920	12
7892	5
1044	5
2460	5
4066	11
5184	14
5746	1
7401	16
6875	16
2581	1
933	3
6306	5
2150	16
5712	4
1593	16
2619	12
2711	5
5447	5
2959	21
3397	3
3273	22
880	1
7127	5
3505	8
290	6
4584	25
7789	23
5228	0
3682	1
6393	14
7628	6
1445	5
3393	14
2952	5
7539	9
871	24
1260	1
6933	16
6874	0
477	9
7594	21
3187	5
4728	5
7682	5
6593	1
2237	9
3560	8
555	25
6253	5
3999	5
4200	13
499	2
3736	5
1812	13
2047	13
7554	16
7661	16
1652	6
3432	6
2184	9
2241	4
3471	13
6973	5
3718	0
2755	8
3039	18
4766	24
133	17
3041	17
2422	5
1067	25
2909	20
532	1
1291	0
1378	9
427	11
5372	1
2759	3
1945	9
2971	5
5639	5
3256	3
4974	23
2354	26
2786	4
2160	20
5287	6
1072	12
4494	0
7819	25
4663	11
2177	14
4309	5
6270	5
298	3
7527	14
6421	16
5754	6
3160	16
6202	16
2268	4
2194	13
5944	5
2168	21
7389	9
7905	5
2851	18
3098	20
7517	5
3872	1
5556	5
1379	7
6936	16
88	6
2977	22
5741	5
5087	26
6335	5
7606	0
4704	4
2697	5
2513	27
6982	16
2333	5
7970	5
3304	14
3711	22
3146	1
3419	27
6665	5
7204	11
1139	11
5618	6
2371	21
948	16
153	6
1514	22
3333	19
2049	24
4035	22
6215	0
4323	21
2935	22
6181	5
5401	19
6295	6
7842	1
2151	1
7884	16
831	20
4274	15
1197	4
3765	5
5306	5
1196	6
2609	24
755	16
3659	4
2026	0
1318	16
906	10
1153	3
983	4
2179	22
2682	0
1277	4
4502	0
3955	9
5757	3
2088	13
3265	18
5686	6
6915	2
7337	17
2208	17
4109	1
7800	1
1921	9
2984	2
2084	13
6502	5
3679	16
4100	3
7490	5
4086	5
3735	1
2781	5
1008	3
800	3
2857	16
2500	18
5017	22
5152	5
786	0
476	13
3599	6
2170	16
4270	16
4336	21
7815	21
320	5
6567	5
1868	6
5973	5
6924	21
4727	2
3127	4
1166	5
123	16
3486	12
7461	12
7653	5
3781	0
3562	25
3276	1
1074	4
7866	16
1264	22
1971	5
7912	13
3244	27
1601	0
3626	14
2627	11
3034	22
1752	5
6173	6
6228	5
4872	18
4496	26
1933	24
5764	16
6694	5
1390	16
2314	4
3388	4
1349	13
7746	0
2930	12
6703	3
3227	0
1200	15
5536	20
2532	0
5494	9
4237	6
3443	6
3778	9
1059	27
2895	26
1567	8
5227	1
3497	22
5933	5
1799	8
6506	3
2558	2
2192	5
750	8
4818	4
4996	10
6106	0
7132	16
4554	1
5869	21
4975	20
5829	25
6515	5
6762	0
1368	1
6913	0
2572	1
368	14
7745	6
5751	22
5054	16
7223	24
5384	0
7270	19
694	16
4351	5
2741	13
6571	3
4462	2
3624	5
3342	25
4800	2
4961	14
3547	8
2324	6
6429	0
3359	5
268	12
5100	11
2054	3
6580	5
7691	5
6531	10
4866	0
6662	7
7259	16
6926	16
3480	27
3140	5
310	19
898	4
2598	1
525	6
1491	16
2242	16
2366	4
4189	2
7052	20
2258	26
1984	4
4827	9
2164	9
7207	5
7614	16
6385	6
6495	22
4360	4
6064	21
414	2
1781	5
3029	0
5681	0
6778	14
1904	19
2601	27
2806	3
351	3
4306	27
5608	21
1103	11
330	11
1254	6
4988	1
2061	12
7512	5
5706	20
7775	1
100	25
3878	9
3899	9
7494	0
3488	21
3807	5
1150	0
1677	0
5348	5
1678	22
2227	21
6050	2
1428	1
2255	0
496	2
5314	0
6540	16
1967	0
5769	0
2221	5
2828	10
7858	5
5897	5
2034	6
1353	1
625	17
143	22
1963	16
1346	11
6543	13
1065	18
4779	18
7577	5
5940	6
7776	1
769	13
7177	6
3026	20
156	12
2663	10
6272	5
2362	2
2836	27
2840	25
1094	6
2353	1
5622	1
5413	5
7374	5
6827	20
6015	20
5292	11
2735	11
2567	26
4108	5
7330	11
1867	12
5564	0
2161	19
7993	21
1321	12
1692	1
3653	5
2912	1
7059	1
4481	0
1411	21
4904	0
4004	9
1499	24
7370	14
1165	14
3632	25
2067	5
4472	15
4016	27
4895	1
5687	1
1192	5
3153	5
4710	5
2872	0
3941	2
6396	13
5007	8
866	19
5259	0
3233	27
4057	20
5777	11
6939	5
7186	0
2027	8
765	16
4091	16
3218	5
6958	11
6720	5
877	4
7056	16
7319	3
7637	14
4211	13
4123	0
7758	16
1670	16
815	16
1671	16
4039	5
4773	8
5580	5
3295	0
1636	0
5755	6
703	21
934	4
2734	21
6236	5
4275	5
2271	26
7436	0
5642	22
1542	27
6450	8
7094	8
3138	1
5080	5
2922	13
4277	11
6112	5
7689	9
2234	5
413	20
2841	12
7320	8
6989	16
7824	5
3919	12
2504	25
6301	5
3198	16
3302	16
4596	5
587	7
6523	1
3561	2
7927	9
2475	14
1829	21
2943	21
724	1
875	3
2103	5
3649	7
837	7
1142	13
5098	17
2829	12
6612	5
3185	5
4054	26
2745	6
7936	5
5132	26
3192	9
4103	1
5647	4
949	2
1530	12
6367	26
3318	27
6622	5
7543	4
2312	1
3129	13
3182	25
3860	27
7452	5
5994	1
4183	8
4956	1
7339	1
4442	14
6147	5
447	4
6673	25
5535	2
3819	10
2706	10
2472	8
3114	10
1638	20
1660	20
2139	25
3698	12
7348	18
3402	18
2401	6
6093	5
3994	4
2904	4
1331	13
1712	21
4970	25
6565	19
2245	8
105	22
7332	1
4507	5
6468	5
4137	16
7051	0
1474	16
3311	13
2747	5
3980	6
3552	5
74	3
3728	10
2801	16
4643	24
6712	3
5552	15
5939	5
2121	22
2710	25
819	18
5394	18
481	19
2962	18
3586	18
4634	5
7898	16
3389	16
3371	14
1564	0
4353	5
1517	22
620	1
7809	1
5141	1
1937	5
1444	3
7400	5
2665	8
6045	8
2417	8
4504	8
4150	26
5421	1
7135	5
2057	18
963	18
3695	13
1738	0
2484	21
7737	12
7409	25
7458	17
7030	4
5609	0
1140	8
5785	5
1419	12
2046	3
2692	11
3079	8
3195	21
2395	16
5504	5
2793	16
464	3
3346	16
953	5
2914	5
7447	1
1308	1
1813	27
683	6
1182	10
2365	16
4185	16
4330	16
6549	0
1614	1
964	5
2264	27
3479	5
5020	5
2012	1
4166	14
6021	23
3148	16
1299	5
4201	4
5656	4
4801	3
1674	22
6644	8
7088	10
4952	0
7830	24
5821	25
7327	5
2917	14
2760	27
1901	16
3606	5
5147	5
2823	22
5801	0
7444	16
3581	6
3074	15
2276	23
5911	27
3870	11
1805	21
231	27
5579	6
4938	1
1910	12
5317	6
1586	6
1624	10
2825	26
5749	5
6343	5
998	17
1296	16
1423	12
6750	13
6002	1
1549	10
7173	5
4402	8
7590	4
547	16
2622	1
5630	18
2624	18
6357	6
7148	5
2987	16
4570	16
5477	1
2673	1
5525	2
7385	22
3708	8
6017	10
5693	16
6497	0
2939	25
4968	8
6198	16
1767	14
2238	14
1940	7
5144	0
6365	11
3209	9
1874	9
6630	0
982	5
4228	5
1482	27
1584	23
4370	14
4490	12
5805	14
3492	5
4112	0
1641	17
1276	22
1855	22
6994	5
3004	12
3988	16
1825	20
1935	11
5893	5
2187	5
6319	16
7171	10
5694	1
7189	0
1758	18
4295	1
7340	5
7772	0
4514	12
828	5
2789	1
4491	4
293	15
2295	15
3109	19
4361	26
4140	26
6442	16
3627	14
7956	27
794	20
5160	16
6437	25
1832	14
5001	25
7362	21
1068	7
328	0
5981	5
5947	1
6508	13
3969	20
2396	26
6878	2
5742	22
708	1
873	13
1979	18
2783	9
5481	5
5335	6
2253	1
1558	13
7161	5
4176	16
2949	6
3289	16
6046	1
4158	0
3782	8
4397	10
2705	10
3440	0
3857	2
7011	2
7068	1
1742	2
4299	22
4741	5
1947	0
590	21
438	21
2511	22
5827	5
5285	26
1930	12
5838	1
6627	1
1012	2
2700	5
995	0
7966	13
378	8
3070	5
3786	27
961	13
545	1
5343	10
3155	3
4014	3
7887	0
922	3
520	2
6869	21
4972	27
5062	5
6608	5
6677	13
3747	3
511	5
7175	12
4155	11
7978	21
7847	21
6635	21
7572	5
4843	5
1796	12
6114	0
7690	7
1691	7
6379	1
745	4
889	8
7441	8
3700	16
3279	4
5392	26
4027	0
7581	3
5223	22
7504	0
5474	6
6903	0
1687	4
3367	5
5819	0
537	6
4534	25
3784	5
3040	27
2062	5
3015	13
6588	5
3320	2
2133	24
3252	6
5048	17
2481	1
7674	5
4689	5
1841	0
2089	21
6003	3
4864	21
4581	16
6757	13
7985	16
7708	3
2725	16
1724	19
2648	5
868	5
2811	8
1628	12
4989	13
4205	5
7181	21
3277	0
2277	19
422	7
821	21
6059	5
3037	12
7917	20
2420	6
2400	2
1508	16
6530	1
2468	22
1665	16
7801	5
5840	5
6330	14
1837	14
2136	22
7601	22
3401	16
6983	5
4493	5
6832	16
1872	1
454	23
3641	6
2385	20
6638	16
3815	5
1370	12
1237	1
5916	6
3215	3
6470	1
6692	20
7212	0
1635	23
2370	1
3315	5
4856	3
5441	6
2440	0
248	0
4278	22
987	9
159	25
5455	0
5702	5
1939	15
7382	5
2802	9
7170	12
5236	1
2982	1
5426	21
421	1
1643	18
2550	22
5202	5
1354	12
6833	21
1447	21
4921	5
1049	0
4416	13
326	0
6073	20
5767	5
925	20
2571	12
6160	1
1418	22
2320	25
935	5
2790	13
3726	9
7648	9
7228	5
2862	8
5148	12
7811	0
7618	27
7112	5
2559	14
6072	6
3914	0
5723	16
2979	0
3118	25
1366	2
996	21
3005	21
444	3
4047	1
4900	16
2104	3
2112	3
3891	8
4344	25
788	3
1381	1
6264	1
3828	6
1246	11
1198	14
6858	21
5123	9
5247	3
5088	5
6546	1
6123	10
272	6
4888	13
4068	13
3580	16
4911	6
5294	16
571	3
2646	10
5468	1
485	1
6309	24
2794	6
1955	3
3123	11
3893	5
5434	5
1611	4
4632	25
5568	0
5843	0
7395	5
2001	5
7779	5
2272	3
3859	1
7114	5
5832	16
1170	12
3770	19
5081	0
2066	0
5231	8
4081	1
7944	5
2787	14
5814	1
4950	5
6146	0
2788	0
6911	5
6892	14
5339	14
7309	0
2175	0
1110	4
1917	18
2387	11
929	16
2070	0
612	21
5416	18
3350	16
3052	16
3753	10
2038	10
7275	0
4450	23
4342	21
7929	16
1627	16
3739	5
5280	0
358	0
7037	0
7241	5
5219	0
3307	16
5015	5
6164	3
1066	3
2593	8
4368	8
2429	27
4796	16
5541	0
1365	24
2974	25
2146	6
4255	6
6780	1
2826	1
4693	16
1075	26
6257	5
380	13
1104	0
1880	4
7197	22
3801	12
1084	3
7757	0
1393	19
591	25
3159	10
6822	5
3368	22
4646	2
2259	13
6541	23
6598	27
1927	1
2854	4
3101	5
7627	5
3850	6
5913	1
7906	22
3940	1
3175	20
6322	5
5728	5
4272	6
7408	0
5463	5
498	1
2985	1
1405	8
640	5
7143	5
1754	1
1290	13
7791	22
5244	25
7973	5
6466	24
1461	23
3422	5
4963	5
6668	5
5804	4
2835	6
7507	0
6643	5
1535	18
1859	16
3971	5
7473	5
3750	12
4479	16
7686	6
3816	7
600	24
1588	20
1976	6
3752	6
4445	1
3961	8
6557	21
3797	6
5929	25
5028	5
5460	0
1749	4
3594	16
2685	1
699	2
443	1
6900	16
6998	3
6489	18
3234	0
6691	6
4946	0
3538	0
4073	8
7078	7
3161	21
6718	14
6779	3
5780	12
6575	7
5969	16
1060	1
3614	5
4476	25
3554	25
2477	25
6835	5
4874	5
3862	5
2284	15
2777	5
3576	5
3595	7
7921	5
2844	6
3973	18
1745	26
686	26
2250	0
764	17
2833	5
104	11
3754	25
4390	3
1391	1
1152	6
5476	5
1357	1
1916	12
4399	6
2630	5
5861	8
7774	3
2349	5
5159	18
5418	10
6025	5
3050	6
3435	3
4042	16
3992	16
2006	5
3216	9
5822	12
7783	5
1534	19
3347	16
847	15
7429	6
4210	6
3984	10
7502	5
7749	1
6885	16
1272	13
2695	27
4236	13
5308	20
6197	1
4714	0
5075	2
4415	10
1762	10
194	5
480	0
6070	4
4458	0
7283	5
4564	5
7249	1
3932	0
4673	17
5768	12
3196	21
3281	22
524	25
6518	5
5241	16
7816	3
1117	5
5073	23
1433	16
5634	0
836	18
3404	6
5499	27
1083	12
3178	20
3375	3
4489	9
6882	1
1666	5
7796	4
7304	4
2837	6
5557	0
1970	21
1565	21
2085	8
4060	4
1371	10
1334	22
5406	6
1870	22
5885	7
5989	5
6398	1
318	12
3180	8
6740	9
2097	19
5149	5
7028	1
890	20
3260	16
2643	3
772	4
4019	20
1443	5
4184	5
3226	1
6054	5
7506	3
6501	23
4749	5
6710	5
1750	0
1663	0
5366	22
6402	20
4013	5
662	12
4782	6
2546	8
4229	10
1003	4
2708	9
6617	16
5823	1
4652	4
4231	1
968	16
4420	7
6533	5
5070	5
3381	18
1630	5
1282	7
3251	16
6171	5
6195	27
917	0
6555	25
3733	4
607	23
2190	0
7200	20
7580	5
5743	6
3373	6
6275	5
1562	16
7911	26
2824	10
4433	0
5400	5
798	25
2951	3
6574	3
985	17
1823	7
228	19
3314	13
4424	10
2529	6
5003	0
1695	5
5197	6
3147	3
5690	3
1071	3
6416	1
2659	1
2119	6
3205	13
6877	5
6596	5
3184	6
5873	3
7707	5
6350	27
3719	20
4697	13
2101	9
1099	21
429	20
2875	5
2981	14
3529	0
891	25
2000	10
6062	25
2656	11
3943	3
6942	5
7848	21
4405	2
430	13
1541	5
2638	0
1397	12
4017	3
4179	1
6067	5
6428	25
2721	27
3224	16
4480	16
5896	21
1516	27
4762	5
1763	1
6645	22
7306	1
5848	5
2099	21
865	0
519	13
249	11
4026	5
5915	14
5625	22
3409	16
5213	0
3067	4
2584	1
1862	22
5364	3
1362	8
2074	16
3542	25
4731	5
2336	4
6287	13
4713	0
1871	3
3323	16
4608	5
3721	13
1143	13
3042	1
5891	11
4599	5
6288	5
3774	4
1753	7
7390	5
4565	12
7058	1
6101	19
5701	19
878	8
369	15
1708	5
7679	5
7939	5
1323	21
3156	16
6946	20
4929	5
2432	21
5775	5
7720	5
6168	1
4726	5
5154	27
2888	5
3412	25
6399	22
3487	0
3734	5
458	6
7236	5
7269	3
1304	16
5168	9
7456	21
4630	2
3818	17
6080	5
7025	12
2800	16
6479	15
2953	5
5190	0
3058	0
5022	19
7825	5
1070	16
3087	16
2148	10
2905	2
2503	0
5155	3
5635	11
4291	5
6252	5
6799	3
5825	16
6125	11
6801	5
3680	6
6351	13
289	4
4413	6
1656	8
5942	5
7659	7
7903	5
4329	14
7699	1
3080	5
4768	4
844	6
882	3
2045	0
3071	0
4851	22
1319	6
4859	9
3469	0
4788	0
6586	3
5438	18
999	14
3300	14
5350	19
4578	19
6715	16
2596	5
1138	20
4310	4
5732	25
1721	5
7952	5
7938	12
3803	4
5637	0
2537	1
5216	1
3794	1
1619	20
1271	0
4443	18
7298	5
2361	27
1648	27
5507	5
6086	13
7434	0
2462	8
5288	5
7163	6
997	1
3713	1
7886	5
7567	0
4221	1
6169	6
3864	16
6950	0
6345	5
3263	5
3285	16
253	14
6194	1
474	1
1653	14
6484	5
4153	1
2100	12
4015	2
6620	3
4304	10
569	7
6707	2
6148	27
2482	5
3593	5
6618	0
5713	13
2081	5
6660	12
3336	27
3744	0
4869	5
5627	7
2279	5
4684	1
5955	5
7916	5
1373	1
1404	16
3166	27
7635	5
1776	16
2410	17
1202	0
4878	3
4467	22
5561	25
5736	5
6102	27
660	5
1337	9
2328	1
2831	2
3430	5
2310	0
4971	5
1881	4
6952	16
6244	16
6651	5
7762	5
1383	1
7049	0
1587	22
5520	5
6432	9
7481	5
6486	1
2438	1
4619	6
6210	1
6176	16
7895	16
7278	5
3210	10
951	1
6158	21
6770	22
4905	6
1459	1
766	5
3495	5
3193	13
6423	20
1649	20
4955	3
3186	27
1596	13
7827	5
4594	10
2326	6
2647	17
6482	11
6975	13
5232	0
5688	16
3242	0
5663	5
2378	1
2071	23
1842	18
2810	25
4018	1
3640	1
6594	14
3399	21
1324	9
7705	16
3341	5
2480	26
4882	5
5650	6
331	1
6562	5
4090	3
667	3
6960	16
259	21
5137	21
6359	5
3326	16
4186	27
7555	13
3131	3
6329	13
7164	5
2243	4
4691	4
553	19
1146	10
4609	19
7411	19
6689	5
4984	5
516	24
2570	16
6592	14
4763	25
5530	6
5583	0
6408	5
5830	5
7510	5
6151	1
4187	12
2703	5
4244	5
6205	24
6664	24
6061	21
3789	5
1828	19
563	27
2954	16
3508	16
6303	25
1794	18
2691	23
7532	11
6934	25
3664	25
535	17
4234	5
1007	5
7575	5
2664	26
2425	1
5632	5
2211	5
3008	11
5361	17
6773	1
6362	22
7754	16
693	1
2232	2
7356	5
7788	0
2373	0
3948	21
2318	21
5067	8
6687	6
5283	22
5176	16
3057	21
4154	10
4962	5
7455	0
4032	9
6286	16
6591	2
3431	19
7632	27
2252	27
1112	13
5490	15
4431	23
1537	24
1190	1
6524	8
4199	3
2870	12
5275	0
4411	5
5296	19
3433	8
3956	1
1995	3
3207	3
2880	14
1569	13
2651	14
6921	5
5281	22
1295	27
5133	16
7907	5
5445	16
1511	1
4165	0
4817	0
7989	1
4457	10
3690	10
2167	5
5960	12
7291	16
2565	14
1552	18
4021	5
3796	4
3033	12
4688	18
7770	0
7553	0
3579	10
4257	5
6218	5
5880	20
3119	4
6400	25
3183	5
1409	0
4206	18
2435	16
623	12
5002	23
2403	9
2938	1
5653	21
3423	3
5078	5
3638	1
7588	14
4499	16
2832	22
5680	3
2216	0
7536	12
4532	9
4418	9
7995	3
7835	1
4910	9
4511	18
5120	21
6935	23
3867	5
1780	0
7990	13
5408	19
7369	5
4119	5
4089	1
6292	3
685	2
1703	4
5205	6
1336	13
1086	16
3383	5
6695	6
3414	18
2078	5
6604	5
7715	5
6010	5
6163	0
6370	0
6997	6
515	16
1269	22
3203	26
4115	11
5005	18
1583	0
7095	9
797	9
5601	9
5480	0
2323	0
6896	8
7723	18
3053	3
7263	16
1524	0
6731	5
4770	4
1771	1
2674	13
2201	1
4084	9
1510	22
5856	5
4347	21
2763	0
2553	1
6020	16
4548	16
6247	5
5300	14
2448	1
4052	27
7876	13
7065	25
6304	23
6796	5
7537	9
5972	22
284	3
7053	6
7882	5
316	8
716	0
1802	16
1195	5
2308	16
506	1
1055	26
3482	16
6240	6
672	8
6296	5
661	8
1555	16
6857	21
4787	14
2334	13
6124	9
1503	16
1402	6
2983	6
2591	2
6613	16
3532	16
7117	19
3677	5
6914	13
5218	22
4098	4
3396	5
770	25
1682	1
6496	0
5097	14
2091	24
3428	22
5783	5
3609	16
5457	1
5890	1
6978	22
3177	5
3965	4
1326	6
3372	16
3303	16
3173	12
5501	5
6052	13
2293	19
3931	9
5362	2
7244	5
1494	13
4604	0
5049	6
4725	20
6963	5
6088	16
698	1
2966	17
3472	6
1850	8
2669	2
4799	22
1512	2
4518	18
1519	9
2019	21
2421	8
4063	5
5604	5
214	9
6445	1
2758	1
3848	18
1019	1
4265	18
4436	17
1683	27
5023	16
4995	18
6837	21
1064	1
1646	0
7630	5
4967	2
2449	12
2489	21
7913	24
5731	5
2206	6
3909	5
7044	10
1789	10
6723	16
7036	16
4145	5
4840	6
6865	6
4870	23
4966	5
1836	5
6646	5
7125	19
5762	0
4772	22
7999	0
552	26
608	25
3755	5
7257	5
2203	20
6976	5
3460	27
6315	6
4661	0
544	26
7896	16
5676	1
2652	16
5391	11
5721	4
4557	12
4621	6
5444	8
6458	0
4676	9
1417	18
4312	5
7041	5
2083	16
957	4
2059	21
7595	2
597	18
6117	5
7748	16
6838	5
1484	13
3792	6
7050	20
2941	1
3117	5
1156	5
4658	5
7643	5
7559	8
7933	3
7102	13
3922	5
7168	5
2215	22
7514	0
3201	16
3751	16
4174	5
6742	10
7159	5
1488	13
2577	13
5934	16
6028	5
894	4
4290	25
1959	5
7541	0
6684	5
7462	12
5797	16
3978	16
7523	0
3512	7
7120	12
468	1
3116	27
7797	1
1817	3
5096	0
6030	19
849	18
6184	16
4239	5
5325	5
6166	0
5187	1
2180	9
4218	25
3503	5
2592	14
3702	6
6873	16
493	5
1604	5
6130	4
4389	13
7119	5
4825	5
2557	19
6505	5
5671	10
4590	16
5390	5
3293	3
6663	16
4516	18
5332	21
5901	20
3924	21
7225	6
691	18
2519	5
3630	12
5171	5
2732	6
7217	4
4406	2
7488	2
4890	5
5116	5
7934	2
5770	22
6919	1
5976	1
4056	14
3130	5
4687	5
4129	4
1662	3
2506	3
7638	0
1654	20
3817	22
7885	16
1990	3
3951	5
6333	1
5998	20
4865	4
3425	25
6041	5
5131	25
3054	9
3451	20
3849	0
7799	5
4623	4
7518	5
1438	2
3568	16
7839	22
2714	22
3365	0
6161	16
5338	5
5414	13
4721	16
1024	3
1651	21
5057	5
2355	18
3132	4
855	21
4607	0
3297	5
3727	4
7910	21
7996	8
4055	22
6263	16
3410	1
4573	5
6278	5
5403	5
3245	16
1345	3
2813	5
4224	12
5200	25
4505	16
3704	20
3546	5
7172	5
6004	23
989	22
473	1
7710	5
5677	1
5055	26
1028	13
4700	5
4764	27
1501	25
5878	21
1769	27
2878	27
4419	5
6380	5
7210	5
5289	21
2694	22
3066	9
7426	8
5353	16
3944	1
5930	21
7492	1
1778	14
1219	22
4839	1
4871	27
626	4
2141	1
3887	17
649	4
3455	21
3588	3
3170	7
6226	5
2073	14
3810	5
3169	1
5104	1
5367	5
1214	6
790	1
6791	5
2950	27
6790	19
2613	13
3618	14
3229	1
6550	4
1344	13
3875	16
4454	9
5379	19
7960	1
4127	5
4602	21
4626	22
1711	20
2545	5
3656	16
1631	22
5091	5
4959	5
5863	22
3172	9
5515	0
1441	1
7074	0
7442	5
5188	2
7023	2
5121	18
6751	4
2784	15
1915	18
3417	8
2095	22
5895	16
5031	0
5278	5
6375	1
2132	3
7290	10
2672	0
5921	16
4997	12
2043	26
3925	16
1009	6
3061	4
2757	7
3237	5
1532	3
4778	5
6894	9
7449	6
7075	16
2424	1
2771	4
3729	18
5599	16
6268	11
5229	0
5968	0
2737	5
5950	18
7418	6
3411	4
2456	5
1878	5
3558	1
6752	24
4624	5
761	12
7084	21
4359	20
5726	5
3838	21
3888	3
1821	4
1069	2
5596	0
7425	20
4513	0
4698	5
6906	5
3836	0
5454	22
6625	5
7736	5
2753	25
5450	16
2743	20
4497	24
5510	3
7471	5
4954	3
4488	11
5291	5
2879	8
7655	8
4303	23
6971	5
4849	10
2153	21
1289	5
4807	5
6448	23
7994	18
4526	5
6007	4
2632	25
1594	25
6105	3
3701	0
4301	10
4307	5
1180	14
7468	0
3596	0
1891	16
621	16
4644	3
7505	16
6949	16
6817	5
4823	6
4192	5
2266	5
6868	16
2969	27
5958	5
7919	5
992	5
3822	24
7231	16
6688	4
4653	5
5614	13
2818	20
6968	13
561	11
4372	5
1956	0
5458	5
6413	18
7817	0
4024	12
7138	5
652	5
1922	4
1305	1
2331	0
5112	1
2578	0
6186	16
7918	22
5991	3
7950	0
3725	14
1129	12
1685	16
4460	3
4252	1
1253	16
4812	6
1710	2
2501	0
5094	5
5903	5
7086	22
7760	12
2933	15
972	5
3176	16
3763	1
7265	5
4045	2
4616	16
5039	5
2637	16
7416	0
4141	27
4854	14
6412	27
5883	8
3416	27
4842	6
4539	5
5971	12
6134	3
6713	16
6987	6
4320	0
5854	0
2498	5
6840	16
7781	0
2589	11
3328	5
6846	5
1022	16
2033	5
4412	11
1962	15
2376	12
1605	11
3125	5
7651	5
4891	10
5195	13
4385	13
1386	17
5752	0
1633	16
199	1
1996	1
3484	19
5487	5
1358	6
7167	5
4981	12
152	0
7157	6
1822	25
4987	5
3069	0
952	2
5156	16
2377	6
5996	5
6192	5
1831	5
7294	5
5333	5
6373	4
6581	0
7013	5
2894	16
5484	0
7728	19
3477	1
6138	5
2827	4
1889	12
3103	22
6141	1
1897	5
7859	5
4000	16
6150	12
4198	3
1215	4
2594	10
4552	5
5679	5
7465	6
5334	4
3841	18
7359	5
5398	5
1340	3
1951	0
4349	5
3391	0
2527	5
3096	16
7245	24
4898	5
5027	20
5984	5
4846	3
2654	5
7381	1
3804	27
3564	16
3478	10
4414	5
1328	2
7353	5
2392	5
1998	5
5500	5
2407	0
7354	1
4195	16
7806	16
6739	0
6049	5
6273	0
6705	5
6307	20
4381	21
6514	0
6261	6
3060	5
3760	22
3839	0
3813	16
1014	1
5612	2
7046	27
6347	1
5738	1
2973	25
1844	5
7920	9
3524	6
5065	5
4171	12
1810	22
2850	27
5744	16
7070	0
6155	0
1580	13
7130	6
7823	14
7856	5
3646	16
4862	5
3208	11
1943	0
5898	4
3575	5
2599	19
1141	27
7372	5
5411	6
7636	4
5270	4
7515	12
6065	0
7091	5
4106	5
3651	3
5192	5
209	0
5537	27
1073	16
3987	16
6819	0
3370	5
5791	0
3947	12
4927	5
2065	1
360	16
6607	5
6854	8
3167	5
1206	5
7437	5
4575	9
2341	16
3697	18
5908	0
2886	5
4836	3
4427	5
1263	13
1088	11
5437	12
4650	10
6354	0
1394	3
3823	1
7665	4
4886	4
3321	0
2386	19
1536	5
6078	5
3316	22
7351	16
6487	0
3024	5
3465	4
6734	5
654	16
3647	12
1925	0
4474	2
1339	14
2639	5
4492	16
5544	16
1877	19
5578	5
4648	9
302	14
4926	22
4273	5
3164	0
5013	26
3983	6
4665	16
2626	2
3537	5
287	8
6847	19
3968	21
7604	5
4126	3
6916	16
6440	14
5273	0
7419	0
6299	5
7570	0
4841	1
3883	0
2948	0
3266	16
3997	4
6023	0
6313	25
1209	14
7104	5
3345	14
4101	1
5533	4
6469	0
6680	5
7731	5
1316	7
4071	25
5492	25
3392	3
1740	14
938	5
4440	18
6483	16
5356	14
2024	26
4408	15
6966	5
6349	16
6127	6
5185	0
2415	10
4041	3
3305	11
3444	6
1284	0
4786	12
3577	6
6206	8
5872	5
6276	27
4050	5
2162	1
7666	25
2447	2
5881	3
2464	12
3566	5
2446	0
6126	19
6793	19
5999	10
6392	5
2412	11
3954	10
3199	14
5684	16
2193	16
3313	1
4356	21
4182	1
7414	5
5453	5
1020	22
3261	12
905	22
4297	16
7160	25
6411	0
6658	5
7615	8
6597	18
6633	5
2852	25
6980	25
5518	5
6862	16
6174	5
4469	5
3758	6
7260	5
2606	3
4945	22
5953	1
3528	10
2744	2
6104	5
7585	19
7093	6
5628	22
5645	5
6813	16
2551	0
5375	0
4079	5
7325	5
5620	5
7315	16
2493	25
2845	19
5145	5
7587	4
7179	21
7438	21
5018	21
6649	0
6825	5
6038	12
4393	16
2274	25
3513	26
4695	0
6544	5
944	25
1116	11
902	19
3665	27
3197	20
7808	20
3959	0
2839	5
5250	16
5433	2
5747	5
6341	5
1547	10
4380	9
5466	5
2620	5
899	6
881	1
7976	5
3500	8
7155	4
1719	4
7526	1
7773	5
1446	0
4994	21
3990	5
2102	0
5531	5
5161	0
980	5
6187	5
7230	21
3764	2
2859	1
1824	18
6340	14
907	16
7273	5
7387	4
5047	14
6281	14
6991	4
3598	4
2155	4
2185	5
1607	2
7838	5
6133	5
2014	1
7807	13
6321	3
1157	24
4828	16
4417	25
6009	19
709	16
7364	16
7557	5
3006	5
5658	5
2389	16
2517	18
4207	13
2025	0
2257	0
826	5
7057	3
5010	1
5528	0
7314	14
5174	5
5704	10
959	16
7497	3
342	5
7684	5
2454	7
6828	5
1172	5
5175	5
7982	5
6419	25
5495	5
7626	5
5931	26
7780	14
2633	5
4190	5
4283	26
4797	10
6881	21
3212	13
4597	10
1527	0
2352	5
4649	16
37	0
3454	18
5859	0
4853	16
7377	12
7890	20
4708	16
1706	0
4530	4
2542	20
1701	20
4003	5
1274	5
6348	18
3635	1
6200	5
3068	27
5526	0
7656	0
1839	5
5341	5
4686	15
5209	21
5274	22
3519	5
7021	5
2214	5
1620	5
7851	5
3902	19
5130	20
4409	0
5092	18
7386	17
4560	5
4736	0
7766	1
7367	5
6075	6
3206	27
7285	8
4087	1
1102	0
6005	17
5778	17
1509	5
2629	4
6681	1
6678	25
6032	8
3694	17
470	14
3466	14
4703	16
7891	7
6339	16
4820	2
3967	0
4858	3
5909	3
4982	14
5739	5
7213	5
4203	5
6334	25
4260	17
6500	16
1602	27
1787	16
5668	0
3102	19
4752	5
2076	1
7108	6
5607	0
4487	5
4990	0
4117	0
1047	3
4400	18
3591	6
3110	22
5107	21
2864	14
1852	5
5354	5
5234	4
2096	17
7253	12
1164	26
7034	5
4656	10
1861	2
1467	21
5082	12
1352	5
4614	5
6294	5
7931	20
5700	5
1052	9
4484	11
777	20
4802	16
7963	0
6238	3
2795	1
7619	20
1684	0
7740	13
6947	12
4935	0
7479	0
5765	8
631	25
4354	21
7726	5
2224	25
3582	16
4716	5
7445	5
827	8
4435	5
2069	25
1991	11
2082	3
3724	4
6725	25
5265	5
6068	24
2727	6
6886	22
2138	19
2675	5
4216	5
6760	1
2394	5
2641	1
7697	8
7795	22
6843	10
4781	5
4947	5
3672	7
2625	7
3043	5
3655	5
5058	5
7547	5
6153	8
2740	5
4281	5
6242	5
6280	1
5734	16
5127	5
5876	3
3977	16
4432	0
6807	5
7219	4
1137	16
2240	0
5267	21
6891	8
3413	12
3086	5
7612	5
2427	9
7393	5
5432	17
1313	16
4251	6
7178	2
4143	5
1658	12
7958	5
3380	22
2116	22
3583	17
6477	0
6909	5
3654	0
5555	4
7564	14
7739	5
4729	8
6841	16
3589	23
1455	3
5271	16
3737	5
3456	5
4522	2
3740	25
5482	16
3856	8
7284	16
3253	5
4794	5
6755	5
4396	27
4058	5
5615	5
7909	21
792	1
2110	9
6271	5
6377	1
7542	0
1704	0
5140	5
6094	18
4006	11
2303	0
4636	2
6785	9
3574	5
5115	5
4879	17
6820	5
5718	26
4478	25
7221	1
4805	12
7625	5
3938	1
3531	3
6320	0
6434	4
317	3
5029	0
71	1
3928	27
6781	22
7422	5
1403	3
2256	8
2615	16
7141	5
4156	5
98	3
1589	1
7971	5
1259	1
3420	5
6666	5
842	26
6641	5
5807	5
2855	3
3633	25
3808	10
6476	14
4924	18
722	18
2588	16
1462	18
4916	2
4903	1
6182	5
4302	21
4913	19
3766	14
7268	5
7704	12
3556	6
2889	18
6180	26
5026	5
7101	4
4407	11
7165	5
1431	25
3522	0
3019	3
5424	0
6768	5
650	13
2535	0
5545	12
5153	5
1460	1
2300	25
4242	16
7218	23
5304	0
3985	0
321	5
5974	5
6552	5
7503	2
3112	14
1167	5
1317	20
4669	5
6534	0
6753	14
4388	5
7864	9
2230	16
3501	0
7358	24
6091	16
2514	5
5882	3
6747	16
7600	22
4169	9
2347	12
2509	16
3723	9
7984	5
7296	16
1472	5
6463	3
6893	8
6414	5
6006	11
5820	5
7706	14
7500	5
2693	5
988	5
4965	21
3779	5
5485	5
5320	5
6342	4
2635	11
2585	27
3498	5
3722	21
5740	8
6312	16
7846	5
2847	4
4508	0
4555	5
2681	23
7782	21
3658	19
5623	1
5409	27
6048	3
3449	0
1849	13
2657	4
5182	7
3122	25
3344	5
5548	25
4683	25
7603	15
7667	5
7914	0
7633	1
3946	5
3073	16
2209	0
5469	1
4605	16
2360	0
4521	21
4500	1
6979	12
6708	5
2751	12
6709	24
6427	5
5833	5
4809	14
4011	5
7513	5
720	6
7742	16
3051	12
5654	16
6098	27
7196	5
1230	16
2332	1
5068	18
6631	0
3157	0
1964	16
7578	5
1521	6
2467	2
5243	19
3027	13
7786	1
1714	16
2808	5
4227	1
3866	6
2543	5
4804	22
1693	5
3605	14
7843	4
6203	16
6219	12
4421	3
6258	16
3385	17
2068	1
610	0
5489	6
3154	1
4711	5
6536	6
7255	0
2873	5
912	5
4909	21
4677	1
4197	17
6940	5
5995	13
1178	18
7868	5
2052	4
3613	0
3873	0
5707	25
4495	10
5589	20
6872	0
6446	5
7297	20
5899	6
6719	5
4064	3
4999	14
3470	12
3540	0
5395	15
1826	0
3716	25
3710	16
2235	5
5272	26
7872	5
5927	5
2750	3
3549	3
5648	16
3357	16
5815	4
876	1
7107	5
3979	15
3121	9
5172	20
7528	16
7937	5
5309	8
3705	7
6623	5
6938	2
2992	3
2920	1
5828	1
5924	0
3837	0
941	5
5307	0
7924	20
3732	5
5344	27
1591	19
5852	9
6953	5
3081	0
2402	5
4357	0
5359	23
189	25
2853	4
1307	8
2988	6
2350	16
4940	0
4053	5
2748	3
7136	12
4577	25
3095	22
5110	5
904	16
7744	7
1978	16
1550	20
2220	20
1387	6
5252	16
5918	2
4958	27
4678	16
5440	5
3211	16
3282	21
3274	1
1735	5
2313	5
5347	5
7759	5
5594	7
2380	8
5189	12
1993	23
7829	17
4308	2
5672	4
6636	5
5505	16
618	16
6849	16
7687	1
1928	5
7292	5
6788	5
2040	5
5302	20
7476	19
5021	5
3458	15
7229	1
2678	2
6107	5
5419	16
5387	19
7417	1
7018	1
5870	0
5573	6
3991	25
7047	5
3000	12
7098	10
5987	0
7378	5
7180	27
6754	3
5143	20
7111	16
4906	13
3761	0
7192	1
4258	12
4383	5
6328	5
5986	1
7174	5
7942	5
2321	3
4292	18
5954	4
4833	6
1748	24
2342	1
3709	5
6802	25
7115	1
7979	5
5478	25
2123	0
7062	13
2928	5
3191	27
3527	0
7276	5
3493	5
5034	5
7813	27
702	22
7751	27
6120	5
4915	14
1097	1
3962	16
6776	5
6511	5
5661	5
7375	0
7341	5
246	8
4572	6
6599	1
7586	9
7529	16
5407	18
4902	22
6409	11
5312	0
5982	5
4899	3
5269	16
6391	0
5138	3
7662	5
311	4
5787	19
4034	18
7187	5
6323	1
5710	26
2013	27
2892	21
5014	19
7035	21
2728	14
7451	8
4742	5
6084	22
7738	0
6422	5
2699	16
7039	14
2015	12
5794	0
2525	0
7474	0
4531	8
1909	16
3099	16
4503	1
3506	5
521	5
5837	25
4556	1
5004	14
7986	18
4375	16
7854	5
1342	27
3485	3
4844	5
6044	0
4374	6
7714	27
3022	21
6700	0
7322	5
3852	5
1123	5
5264	10
1777	14
781	25
2803	10
7073	5
5318	16
2522	6
1672	5
6570	9
7279	16
7611	20
4701	17
5402	3
6870	5
5479	23
3945	3
6964	20
2717	11
5961	1
7922	0
2544	1
5330	25
3382	26
1657	16
5255	5
7335	9
4638	16
2649	5
5102	8
7589	0
3214	5
3660	4
7464	20
4615	21
6682	0
3337	19
4159	6
835	12
2060	0
5135	0
1285	16
2483	21
3800	5
1238	16
7033	1
4180	18
5076	5
6051	5
7867	5
5906	5
3259	27
6969	16
5703	5
3339	2
3865	5
3150	22
3075	27
2560	16
2676	16
2285	16
3607	16
4339	1
4268	0
1454	24
1420	1
4922	5
1235	15
7713	5
2298	3
4719	5
5966	4
7623	12
920	16
2881	13
2842	2
1618	6
3688	22
6948	16
7380	0
6245	25
2397	5
5179	19
1115	16
1522	1
4076	14
7312	1
5641	12
782	5
4284	5
462	26
1057	6
3829	5
3776	13
5370	5
4250	0
3548	5
1217	17
728	26
6507	1
5089	5
6794	5
7880	5
1924	9
4611	11
4382	12
3407	27
4164	1
3894	5
5435	0
6157	11
7344	1
7489	17
6361	6
4537	16
6372	12
3675	0
7430	16
5874	16
3394	5
1048	3
5277	13
7778	1
5652	16
3496	0
4732	5
2910	19
6573	4
4451	0
1675	6
2035	5
7242	5
1347	16
4010	21
5000	5
6961	5
2749	27
5042	9
4008	8
6795	1
5914	20
6758	5
3284	14
2975	5
3222	0
7583	22
4061	5
1478	16
2865	6
4553	9
4430	27
1449	0
4880	1
6099	21
4448	0
2105	0
576	22
6823	5
5118	5
5266	6
5948	5
5050	16
7342	22
4362	5
3907	5
1946	5
2576	1
4760	16
7901	1
2602	5
6047	0
7128	5
6493	13
5442	25
1858	7
2379	5
7804	22
4964	5
6669	19
2118	5
5547	0
1987	1
4930	0
1860	16
1243	17
3298	18
3953	1
2923	0
4464	5
2524	17
3355	4
7271	5
6193	1
4771	1
355	22
7520	22
6115	5
4810	5
6771	5
4193	1
5640	5
6308	15
2556	16
657	0
4758	16
2769	5
7701	1
2063	0
3334	5
4875	5
5122	25
7010	4
6490	8
324	10
6000	12
7675	0
5824	21
3115	5
7641	5
1046	25
6336	5
4391	21
6818	7
1975	5
7182	5
2631	5
7670	2
6190	18
3963	12
6026	5
4745	18
7235	5
6401	5
6984	9
7360	3
5471	12
7750	0
7469	1
3535	0
7620	16
7003	5
7250	0
7837	21
5715	8
7015	22
3059	4
7833	5
7552	5
3406	5
5562	3
3001	5
5669	5
6766	0
4571	9
6231	22
6704	9
3847	5
7349	5
6403	16
6954	4
2798	5
5867	4
4338	25
3475	22
1667	5
5125	22
4829	22
4305	1
5169	5
7000	0
3343	25
5086	1
4791	5
4685	5
4404	5
4667	14
7812	16
3949	5
4386	13
2367	18
4023	22
2363	5
2610	1
4167	1
6055	5
4750	5
6711	5
7365	0
5836	5
7692	15
5941	16
3678	16
1029	5
7516	5
4332	13
1004	16
7965	2
3429	1
6424	3
1834	21
5215	6
6135	1
6216	12
2724	24
431	1
1573	12
5371	25
6310	1
5716	1
2623	16
210	26
2010	4
6267	5
5952	3
5523	6
1131	5
6640	12
7081	5
4096	5
2530	5
1680	5
7317	14
4334	0
7495	16
3623	1
4917	5
3832	0
5697	14
6563	1
5553	5
6853	5
6407	14
7208	5
5263	5
6943	0
4214	5
4901	4
3833	27
5284	12
7568	14
5380	16
6724	0
6460	5
3657	6
6632	25
7350	6
5417	0
5664	11
7624	21
4887	19
5831	1
4600	4
4610	9
1017	5
7424	0
5043	2
6503	2
5180	6
3543	16
7064	6
3790	0
5084	21
6789	5
3338	22
1644	0
7361	16
803	2
3290	0
5711	5
1800	1
1144	5
2919	16
5430	1
6774	16
7391	5
2270	23
4125	5
3855	1
7110	5
7233	21
845	1
1709	5
5211	5
1050	3
4313	16
7042	16
5695	4
2508	2
7721	5
223	24
1135	13
4379	10
928	14
1436	2
3674	13
5276	5
5919	27
2936	8
5708	0
725	5
2945	25
5498	0
6081	5
6737	5
5260	17
6456	5
4322	20
7302	5
7828	2
6118	16
5849	1
2562	13
3405	21
6318	14
7700	16
2579	27
2470	5
1876	0
7333	16
6185	6
2868	16
3989	6
7544	21
1089	24
5943	5
1179	3
659	1
6096	14
3056	5
5352	0
4364	0
6060	16
4172	1
2021	12
7404	5
5443	5
7987	0
892	16
2212	6
2597	5
4138	5
6600	6
6435	16
5349	9
3683	5
7953	5
7089	1
5357	22
241	16
6904	5
2785	16
5206	0
2042	1
6639	5
4065	14
5879	3
4459	5
6325	25
5977	16
3467	5
5008	5
7478	3
7814	10
7184	0
7198	16
4317	5
4706	5
4948	2
6485	5
3230	0
5203	16
7658	10
7669	1
3329	19
2764	1
1410	21
2145	13
3898	5
7946	8
5488	1
5990	1
7695	0
5373	1
7450	21
5956	5
4232	12
6122	13
3517	16
6316	5
5305	0
7195	0
3831	16
7234	9
6981	13
6985	0
3291	6
3915	5
1954	5
7446	4
2980	0
5456	5
5315	2
3881	1
6702	18
5240	7
3194	7
1751	0
4365	21
6492	20
6249	13
7763	5
4477	5
5605	13
1251	5
3031	6
7106	16
2931	5
6300	18
5313	21
5071	0
5598	5
1483	16
4403	0
2191	16
6089	1
6498	5
6601	8
4082	5
5383	5
5621	15
5886	0
7063	0
4883	5
7014	19
4767	22
4664	5
7299	18
7649	5
3459	16
6675	9
2548	12
6368	5
5917	1
7597	16
6034	5
2260	6
7060	0
6690	5
4985	5
1477	5
1113	16
5771	5
7511	5
1579	2
4245	5
3509	5
4049	9
1798	27
5925	16
6136	5
7281	16
4429	25
897	8
6314	26
5448	16
7560	5
4847	5
7992	0
4998	1
3009	5
6527	5
4566	5
5396	5
5201	1
7496	12
7076	5
3821	20
5177	5
2617	11
2856	6
2122	22
3602	0
2738	16
4896	5
2050	21
2913	12
6576	5
7008	0
3136	20
1191	5
7678	5
7925	1
5257	19
910	5
3921	16
7203	5
5019	13
6922	5
4977	6
1496	16
7373	1
2152	5
7805	5
3352	0
7402	4
2134	22
4022	5
3474	12
6836	16
4325	10
2436	5
2086	16
5336	22
7103	13
5079	5
7888	1
2612	21
7149	21
3483	8
5045	1
2306	16
3319	5
6131	1
4579	5
4240	7
6898	4
3462	26
4803	24
7055	25
4720	5
5796	2
6582	3
1688	16
3301	12
7596	5
7716	5
6011	5
2995	5
7435	5
5012	25
6547	1
3310	11
809	16
4425	9
4191	9
4029	9
2375	1
738	24
3714	5
7216	5
356	6
6110	1
704	5
1374	21
4674	11
5412	18
6076	5
6451	5
5857	5
4737	1
2709	14
5576	5
2730	5
4287	5
5558	0
3158	27
6621	0
7640	21
566	5
2125	8
6697	6
7883	5
5922	5
3362	16
7602	27
4617	5
6763	6
5750	6
6297	5
4328	3
664	22
6844	20
7399	5
6856	22
5860	18
7289	25
6128	1
5108	13
6899	5
2092	5
7729	5
6945	11
2897	5
2474	16
3911	6
6610	4
3908	4
510	7
4740	4
2805	16
4230	1
3897	0
4784	5
6071	1
4519	20
6464	5
3745	9
1079	5
7237	1
3960	7
6255	13
6156	0
5524	13
579	5
6810	5
7346	1
1566	12
7005	27
3530	23
5951	5
6529	5
3777	16
5587	19
6188	13
5053	16
3327	1
7477	20
1598	16
5451	5
2605	5
4146	5
7131	5
212	16
4690	1
7961	5
6845	0
4350	16
6803	5
7613	16
3975	5
5516	5
900	13
2926	5
6172	5
6628	12
3756	5
746	1
6977	5
5016	5
4219	6
6671	0
2614	19
5643	5
7676	1
6532	0
4498	0
4920	4
3972	0
340	25
3730	17
7470	27
5134	5
6839	5
7703	0
5719	21
5452	21
6558	5
5964	5
2254	21
6394	1
5802	14
5674	11
5464	22
4247	20
6029	5
895	19
6058	0
6509	0
3652	11
4980	5
2566	6
7959	23
4093	0
7771	5
6539	5
7711	9
4992	5
3523	9
1134	12
3769	5
7287	5
5326	5
6932	14
4894	2
7006	5
1173	0
2722	13
5629	9
6996	24
7427	6
4826	5
6652	20
7185	0
4545	5
7336	0
3217	16
7318	0
6282	2
4453	20
5508	20
6852	5
2486	0
41	12
7573	8
6346	1
4672	5
5786	9
5563	26
4675	16
6352	5
2233	16
5286	16
6972	6
4705	18
5493	5
3248	16
3639	7
4222	27
6057	19
1795	11
1772	9
6698	5
6512	27
7893	5
2147	16
1457	1
6417	5
7784	5
4001	5
7519	5
6831	16
6214	1
3551	0
3952	21
4441	1
7509	1
5888	5
7849	5
4289	16
4855	5
5892	17
3706	6
4574	5
5037	11
5685	5
692	12
3863	16
2144	0
3895	7
793	5
2814	5
4099	5
4506	16
7072	3
3363	5
6183	22
6443	21
2746	11
2340	21
5811	25
3601	20
2004	5
7211	5
7433	12
2660	5
6930	5
5784	25
5983	16
5059	11
1504	5
7357	1
7998	0
1281	8
5613	16
514	23
2782	27
3684	19
5666	6
3824	11
7878	5
6397	0
6986	26
4612	5
3846	13
4510	22
5221	27
4587	5
3648	25
4217	0
3876	5
5597	2
4395	6
3691	16
3913	21
6851	12
5214	5
5571	26
4501	0
4933	5
7045	16
7610	16
4640	6
4373	18
6036	20
4212	2
2087	5
2555	3
5603	6
1212	0
7407	14
7803	3
7224	5
2858	0
6629	25
6944	13
4253	13
3238	5
7466	19
6526	6
5567	2
309	9
4036	1
4043	5
5584	5
6364	19
7545	5
3426	16
5382	21
6572	13
3844	22
7897	22
1879	5
3559	16
2439	1
6805	5
7608	18
3525	1
4813	16
2907	4
5727	5
6305	5
7755	14
7038	4
4582	0
7558	16
5331	4
7202	25
7126	5
3871	1
3439	0
6826	16
6656	16
6404	1
4358	1
7188	16
5139	18
7865	20
6167	5
7616	16
6284	22
5724	0
5011	5
460	0
3181	25
3868	16
3905	0
4635	9
4527	5
5638	5
7258	8
6537	9
7122	14
7338	26
5095	3
4444	1
3597	5
4547	19
5850	13
5342	16
3097	5
6743	26
7301	7
3504	21
1957	5
5128	10
5459	0
7420	5
1884	5
3106	3
7139	5
6908	6
7969	5
874	0
6513	6
2554	0
5763	8
6208	3
6655	16
2934	5
4475	5
7592	5
6521	22
7698	16
7266	5
3271	3
7508	1
5208	5
4592	16
5839	27
7977	19
3264	5
2999	13
7562	5
4540	5
2382	16
5158	3
2311	16
7948	16
4085	5
6406	21
5626	5
7841	19
4282	8
7685	9
4132	10
2499	16
1905	5
5167	5
7105	16
5574	22
2111	9
6786	6
2058	1
4735	24
1887	1
7024	16
5692	21
5529	22
2280	19
6995	13
5035	0
7652	5
5074	16
5753	5
5472	5
5773	5
4860	5
3643	14
7328	0
4837	0
7852	26
2345	5
6037	5
7134	0
7194	20
6517	0
6693	5
2142	5
4337	0
3996	5
7498	5
3255	16
6804	20
5163	22
4296	13
5183	9
4181	16
7693	0
3448	5
7483	9
5617	24
2207	5
6139	5
7900	1
1332	5
4834	5
5812	14
5590	9
7193	0
6234	19
7718	20
4761	16
7561	25
3225	16
5399	5
5646	0
832	0
7079	5
2512	5
2861	14
7646	2
6860	5
5146	0
6579	5
4919	5
3139	5
5920	16
3793	0
4092	6
5539	25
6360	5
1999	5
2655	5
2020	0
5871	26
3534	21
7777	6
1015	5
7087	21
1845	12
7857	9
5066	5
7576	5
3896	27
7862	5
5844	0
4107	16
7251	21
6907	0
7421	9
6974	9
7154	2
5631	1
6624	20
6014	1
1207	5
4709	5
3134	0
4428	5
7712	3
5258	5
5582	5
5181	21
4774	5
7032	18
7844	23
7875	8
753	16
1087	0
2767	16
4038	5
6615	6
5826	0
1262	8
5166	4
6235	5
1806	19
5781	2
5959	16
3584	20
5085	1
5554	27
7664	16
6732	0
3884	0
1923	21
5546	1
7392	4
5725	21
5222	5
7951	5
3105	11
6438	4
4941	5
6902	5
3010	27
2315	21
3545	27
5376	2
1885	1
2113	14
5033	20
5036	20
7232	5
7741	3
3768	12
5006	5
5151	8
7531	5
7214	0
6554	16
6092	5
5992	6
3246	1
6748	5
6467	16
4341	14
4051	5
1533	5
6433	1
6248	5
3993	13
6302	1
6637	0
7853	21
582	1
6159	1
6113	9
2262	5
5938	5
4831	14
3149	5
4838	26
4633	5
5735	5
6013	21
7282	11
4682	5
7415	5
3668	15
2972	16
4149	5
5249	21
4300	0
4734	9
6659	5
6227	16
2041	16
2876	11
1006	5
5519	5
6175	5
4528	17
4717	1
7261	5
682	25
7067	0
5985	12
6522	18
1597	16
7563	0
7810	5
7967	12
6761	5
6480	5
4535	5
5904	3
7972	5
6381	4
1095	5
7326	5
3092	5
5818	9
6462	0
2775	5
814	23
4046	0
1900	25
7031	10
7443	16
2275	5
7280	1
4680	1
5967	5
6545	5
4893	0
4662	5
2384	20
236	1
4044	16
6654	3
2690	16
6459	16
6016	5
4798	0
3880	0
4983	5
4033	22
5813	5
4991	22
5809	22
5887	22
3934	9
3189	1
3885	27
3696	21
3772	16
1811	5
7274	5
3491	5
1592	5
2186	5
5261	16
4589	14
4562	8
3007	5
5766	15
2671	6
1525	10
2607	1
5378	5
6475	1
6722	16
7845	21
4748	2
3232	8
7220	13
4536	9
5776	16
4912	1
7719	0
7310	21
3152	1
4558	4
4005	15
5449	3
6355	5
4563	20
7009	0
1058	23
2634	5
6222	21
6701	5
5513	1
3998	16
7540	1
6420	5
7787	5
4659	12
3572	16
4937	19
6201	5
6784	1
7639	16
7022	5
4595	0
6992	9
7818	0
7352	5
2986	0
4007	21
4783	21
4102	5
2520	1
1268	6
2172	22
6436	19
1545	2
5993	5
5792	11
4850	1
4885	11
7673	5
7935	6
4075	26
2866	5
7983	10
4423	5
7902	16
7398	1
5253	5
7631	10
6800	20
5404	0
3317	16
5722	16
4170	0
6145	16
4753	5
4327	10
7732	16
3681	16
2129	1
7756	6
3144	0
4111	5
3814	5
5355	5
1515	18
3533	5
7383	0
1634	5
4352	1
3879	5
5420	5
7988	4
7100	5
7142	25
3553	25
5060	26
7066	0
7080	25
2444	0
7215	7
1816	16
7017	18
715	5
1498	5
1783	1
6019	20
2944	5
5868	5
1061	5
2158	0
7947	22
7747	5
6243	5
7288	16
5368	5
3078	3
3020	2
5103	5
5705	3
7647	0
7206	21
7147	0
3447	16
3892	5
7394	5
3707	0
7113	5
4603	25
7915	5
4835	4
5937	4
4949	5
1077	0
6121	8
7109	9
4449	5
5788	3
6812	1
5295	5
4037	6
6910	20
7724	6
5949	0
3827	0
6358	16
2408	5
6100	5
7524	1
3287	18
6441	1
6855	0
2455	1
6821	5
3541	1
7644	1
4641	5
5279	9
5512	24
6741	22
5462	1
6472	0
5358	5
655	5
6283	18
7423	2
3354	17
7727	11
6667	5
1245	1
6642	5
7753	5
5360	16
5527	5
7904	0
6809	17
6859	27
6177	1
4178	2
1270	2
6988	5
7521	16
6797	16
7201	16
2491	1
4808	5
6018	5
6648	22
6488	5
6901	16
7709	22
1757	0
6471	11
4324	5
3437	16
6905	24
2502	5
7879	16
603	5
4873	5
6834	5
7932	11
6553	5
3113	5
4670	5
6993	22
7002	21
7768	13
6864	1
6927	13
3104	25
6254	0
6721	1
6024	5
1473	5
5855	0
2248	14
5540	5
7501	5
4235	5
6196	5
6290	18
3780	1
6162	0
7001	5
5040	5
3746	0
6142	5
7152	0
7190	16
3280	5
7566	5
5235	16
6706	22
7347	5
6039	7
3188	18
4266	11
6449	16
5385	25
2515	5
6863	5
7717	18
3759	16
4456	1
7660	22
7331	4
7019	16
6912	5
5470	0
7832	1
6053	5
5226	16
4316	16
4546	22
4097	0
4248	5
2531	1
6792	1
2887	19
3957	27
4733	16
7894	1
4346	3
2223	5
3494	0
3309	5
6237	6
6426	8
4569	5
7593	18
3021	2
3858	5
6494	6
2809	5
2064	5
4517	16
3374	5
5779	0
6890	21
6170	21
3621	1
5569	0
4730	1
6001	5
7877	19
5800	8
4696	5
6223	21
4790	13
7222	5
4757	16
3569	27
6941	5
7863	11
5198	16
5659	16
6066	5
7092	0
6602	22
4524	9
1145	0
4059	0
3604	18
5624	19
775	5
5980	16
5761	0
6787	5
7873	5
5912	5
2819	0
3322	5
5030	16
6587	3
5709	5
3023	1
5428	5
2335	0
2582	5
7522	16
3703	1
4777	0
7321	16
6889	5
7295	11
3970	1
1830	10
7454	5
7609	0
942	5
6566	4
4815	27
7694	5
6880	15
7550	16
7571	16
1377	0
3283	6
2197	16
6095	5
6931	2
4543	0
5129	21
5503	11
7300	5
7123	5
7286	22
5111	5
2249	5
6535	5
7460	27
5077	1
5841	6
7881	3
7621	5
5170	13
5475	0
3900	5
7493	8
7121	5
1720	5
4426	0
5506	5
5865	1
955	5
6569	16
5245	9
5303	5
7248	5
2399	2
4168	11
7534	5
4254	22
3262	5
5670	10
5633	5
7137	0
7313	5
2947	1
1966	8
4367	16
4568	9
6179	5
1869	1
2278	5
6548	5
5737	3
7798	21
2608	5
4377	3
6338	3
7548	16
5649	0
6674	25
5834	1
6143	3
6560	5
1027	0
6650	5
1681	16
2707	0
5429	21
6917	6
2299	21
5165	0
2929	5
5316	5
6395	0
7860	1
4002	21
