30	0
1412	0
3352	6
5254	10
5543	10
7478	10
3	0
28	0
39	0
54	0
108	0
152	0
178	0
182	0
214	0
271	0
286	0
300	0
348	0
349	0
371	0
567	0
581	0
584	0
586	0
590	0
604	0
611	0
8283	0
25	0
6	0
8	0
19	0
23	0
29	0
33	0
35	0
50	0
55	0
75	0
80	0
86	0
94	0
127	0
154	0
192	0
224	0
226	0
246	0
252	0
255	0
257	0
261	0
273	0
280	0
282	0
299	0
302	0
306	0
308	0
310	0
322	0
325	0
339	0
356	0
358	0
363	0
370	0
373	0
377	0
379	0
407	0
415	0
422	0
428	0
439	0
488	0
514	0
545	0
549	0
560	0
592	0
600	0
645	0
650	0
659	0
664	0
667	0
673	0
675	0
696	0
706	0
723	0
739	0
756	0
857	0
864	0
893	0
959	0
994	0
1131	0
3755	0
8282	0
8284	0
4	0
10	0
38	0
56	0
130	0
140	0
147	0
151	0
232	0
243	0
341	0
606	0
5	0
61	0
89	0
93	0
153	0
163	0
167	0
168	0
175	0
34	0
132	0
135	0
171	0
183	0
216	0
219	0
227	0
228	0
236	0
250	0
258	0
259	0
274	0
285	1
290	0
298	0
301	0
304	0
317	0
319	0
359	0
362	0
378	0
390	0
391	0
392	0
394	0
396	0
402	0
405	0
406	0
421	0
427	0
431	0
432	0
433	0
435	0
440	0
447	0
538	0
564	0
566	0
579	0
589	0
609	0
613	0
616	0
617	0
619	0
643	0
656	0
665	0
668	0
691	0
694	0
700	0
704	0
717	0
730	0
733	0
741	0
761	0
765	1
779	0
789	0
791	0
798	0
802	0
813	0
820	0
826	0
863	0
871	0
881	0
885	0
895	0
897	0
904	0
906	0
907	0
913	0
922	0
932	0
936	0
955	0
960	0
963	0
966	0
971	0
972	0
978	0
979	0
983	0
991	0
993	0
995	0
1007	0
1014	0
1022	0
1026	0
1032	0
1035	0
1043	0
1055	0
1062	0
1125	0
1144	0
1152	0
1156	0
1160	0
1167	0
1168	0
1218	0
1220	0
1221	0
1222	0
1234	0
1241	0
1248	0
1253	0
1261	0
1297	0
1321	0
1326	0
1377	0
1389	0
1390	0
1394	0
1396	0
1428	0
1439	0
1441	0
1442	0
1446	0
1453	1
1464	0
1465	0
1468	0
1471	0
1472	0
1476	0
1478	0
1484	0
1485	0
1487	0
1489	0
1490	0
1497	0
1501	0
1506	0
1507	0
1513	0
1514	0
1518	0
1524	0
1525	0
1531	0
1532	0
1533	0
1538	0
1549	1
1555	0
1556	0
1557	0
1563	0
1569	0
1573	0
1587	0
1597	0
1610	0
1619	0
1641	0
1648	0
1652	0
1654	0
1657	0
1662	0
1669	0
1679	1
1689	0
1692	0
1701	0
1716	0
1718	0
1752	0
1758	0
1768	0
1774	0
1783	0
1787	0
1788	0
1798	0
1861	0
1864	0
1982	10
2409	0
2651	1
2843	0
2909	6
3892	1
4037	10
4134	10
4792	10
4942	6
5323	6
5697	10
6227	10
6330	10
6624	10
6765	10
6790	10
6965	10
7161	10
7632	10
8290	0
7	0
32	0
105	0
524	0
1190	0
1193	0
1425	0
1919	0
8287	0
36	0
49	0
144	0
150	0
389	0
506	0
587	0
607	0
622	0
624	0
627	0
628	0
631	0
636	0
637	0
657	0
658	0
674	0
677	0
681	0
687	0
715	0
719	0
725	0
749	0
760	0
778	1
806	0
810	0
817	0
822	0
844	0
866	0
868	0
875	0
878	0
882	0
938	10
977	0
1092	0
9	0
517	0
559	0
626	0
918	0
982	0
1049	0
1103	0
1384	1
1580	0
1618	0
1717	0
1855	0
1966	0
743	0
746	0
748	0
750	0
11	0
15	6
72	0
95	0
204	0
230	0
313	0
332	0
334	0
338	0
350	0
372	0
429	0
465	1
575	0
608	6
644	0
647	0
684	0
705	0
707	0
710	0
722	0
744	1
762	0
763	0
764	0
771	0
793	0
803	0
805	0
825	6
829	0
836	0
837	0
838	0
839	0
849	0
853	0
859	0
873	0
887	0
908	0
929	0
934	0
935	0
937	0
941	0
942	0
943	0
945	0
946	0
947	0
956	0
958	0
968	0
975	0
985	0
989	0
999	0
1000	0
1006	0
1012	0
1018	0
1031	0
1034	0
1061	0
1075	0
1080	0
1097	1
1111	0
1124	0
1127	0
1128	0
1137	0
1151	0
1154	0
1164	0
1165	0
1185	0
1186	0
1191	10
1196	0
1199	0
1200	1
1201	0
1203	0
1211	0
1230	0
1239	6
1243	0
1250	0
1259	1
1260	0
1279	0
1282	0
1284	0
1285	0
1286	0
1296	0
1305	1
1307	6
1310	6
1319	0
1322	0
1330	0
1353	0
1360	6
1372	0
1374	10
1375	0
1378	0
1382	0
1385	6
1402	0
1407	0
1411	0
1413	0
1418	0
1420	0
1435	0
1437	1
1444	0
1482	0
1486	0
1492	0
1496	0
1520	0
1521	0
1534	0
1542	10
1547	0
1550	6
1565	0
1566	0
1583	1
1585	0
1592	1
1608	0
1613	0
1621	0
1622	0
1628	0
1629	0
1633	1
1637	1
1638	0
1646	1
1649	0
1653	1
1658	0
1661	0
1672	0
1680	6
1687	0
1688	6
1697	0
1700	0
1706	1
1707	0
1714	0
1726	0
1729	6
1730	0
1732	0
1746	0
1747	0
1749	1
1757	0
1769	6
1771	0
1772	0
1780	0
1791	0
1802	0
1805	0
1811	0
1816	0
1835	1
1836	0
1842	0
1847	0
1848	0
1849	0
1857	0
1858	0
1859	0
1880	0
1884	0
1888	0
1893	0
1901	0
1903	0
1908	0
1920	0
1927	0
1953	0
1956	0
1963	0
1964	0
1965	0
1969	0
1973	0
1977	0
1979	0
1983	0
1985	0
1987	0
1990	6
1991	1
1992	0
1997	0
2004	0
2007	0
2014	6
2055	0
2060	0
2062	0
2066	0
2071	0
2073	0
2076	0
2079	0
2085	0
2091	0
2095	0
2097	0
2101	0
2109	6
2114	1
2117	0
2119	0
2128	0
2134	6
2137	0
2144	6
2145	6
2151	0
2157	0
2168	0
2178	0
2181	0
2182	0
2193	0
2202	0
2205	0
2206	0
2210	1
2237	6
2240	1
2241	0
2246	0
2252	1
2253	0
2257	1
2273	10
2289	6
2294	1
2328	1
2329	0
2332	1
2333	0
2339	0
2341	0
2345	0
2350	0
2362	0
2364	6
2381	6
2384	6
2385	0
2397	0
2400	0
2410	1
2411	1
2426	1
2435	1
2456	6
2470	0
2475	0
2479	0
2484	0
2485	1
2490	6
2499	0
2504	1
2506	6
2508	1
2517	6
2535	6
2544	1
2565	10
2570	0
2575	1
2579	0
2580	0
2585	1
2587	1
2593	1
2595	1
2604	0
2612	6
2619	1
2625	1
2643	0
2646	1
2653	1
2655	6
2657	1
2665	1
2669	0
2685	0
2686	1
2696	6
2720	1
2727	1
2746	1
2754	1
2760	6
2763	0
2775	6
2777	0
2787	6
2794	1
2811	6
2859	6
2871	6
2900	1
2923	1
2932	6
2958	1
2981	6
3002	6
3005	1
3007	1
3010	1
3014	6
3024	1
3026	1
3028	1
3034	6
3059	1
3073	6
3084	1
3092	6
3114	1
3117	1
3125	6
3136	0
3140	1
3144	1
3180	1
3192	6
3258	1
3260	1
3284	6
3291	6
3309	6
3321	6
3334	10
3394	1
3404	1
3433	6
3439	1
3443	6
3447	6
3452	6
3453	6
3454	6
3458	6
3463	6
3464	6
3480	1
3529	1
3537	6
3557	1
3562	1
3568	6
3607	6
3615	6
3631	6
3635	6
3645	6
3650	1
3660	6
3661	6
3680	1
3748	6
3787	6
3800	1
3806	6
3807	1
3812	6
3830	10
3843	6
3847	1
3871	1
3903	1
3926	1
3937	1
3956	6
3958	6
3967	1
3970	1
4011	6
4013	6
4021	1
4024	6
4040	6
4043	6
4044	6
4055	6
4058	6
4065	6
4072	6
4088	6
4103	6
4124	6
4162	6
4179	6
4201	6
4212	6
4231	6
4247	6
4256	6
4261	6
4263	6
4266	6
4269	6
4289	6
4290	6
4297	6
4299	6
4335	6
4384	6
4417	6
4422	6
4424	6
4463	6
4485	6
4510	6
4528	6
4531	6
4547	6
4578	6
4613	6
4661	6
4662	6
4706	6
4709	10
4719	6
4796	6
4808	6
4811	6
4814	6
4820	6
4827	6
4938	6
4962	6
5026	6
5037	10
5055	6
5073	6
5092	6
5100	6
5106	6
5130	6
5132	6
5144	6
5802	10
6170	10
6496	10
6715	10
6739	10
8286	0
8291	0
8293	1
12	0
663	0
697	0
2708	1
3371	1
4233	6
13	0
14	0
324	0
368	0
477	0
797	0
1053	0
1123	0
2016	1
8285	0
417	1
737	10
974	1
2229	1
2398	6
4561	6
4600	6
4645	6
4658	6
7871	10
8292	0
16	0
17	0
18	0
20	0
321	0
425	10
861	0
896	10
981	0
1044	0
1352	0
1604	0
2165	0
2281	0
2285	1
2324	1
2348	0
2693	1
2774	10
2828	1
2877	0
3027	6
3456	6
3516	1
3614	6
4373	6
5327	6
5714	10
5775	10
5780	6
5814	10
5818	10
6229	10
6262	10
6780	10
7726	10
8288	0
21	0
794	0
2814	1
22	0
601	0
670	0
1029	0
1039	0
1593	0
24	0
311	0
633	0
742	0
769	0
856	1
1100	1
1267	1
1315	1
1357	0
1416	1
1419	1
1473	0
1548	6
1705	1
1723	0
1734	1
1754	1
1781	1
1808	1
1814	1
1837	1
2209	1
2225	1
2264	1
2276	10
2323	1
2354	6
2371	1
2375	1
2516	6
2542	1
2560	1
2660	1
2667	1
2697	1
2707	1
2815	1
2819	1
2822	6
2830	1
2922	1
2926	1
2955	1
2963	1
2999	1
3018	1
3089	6
3164	1
3351	1
3408	1
3410	1
3473	1
3586	10
3643	6
3792	10
3854	6
3898	6
3910	6
4276	6
4310	10
4338	6
4349	6
4712	10
4944	10
4953	6
4999	6
5123	6
5162	6
5341	6
5412	6
5423	10
5484	6
5511	6
5596	10
5863	6
6097	10
6272	10
6441	10
6566	10
6833	10
6855	10
6869	10
6948	10
6955	10
7119	10
7143	10
7144	10
1030	0
1077	0
2801	0
6251	10
1023	0
1038	0
1166	1
2120	1
2135	1
2297	1
2594	1
2599	1
2620	10
2689	6
2831	6
2834	1
3150	1
3274	6
3489	1
4099	6
4303	1
4483	10
4574	6
4717	10
4781	10
4929	6
5022	10
5459	6
5529	10
5605	10
5799	10
5804	10
5822	10
5897	10
6006	10
6044	10
6151	10
6437	10
7115	10
7289	10
7908	10
8174	10
37	0
3976	6
4735	6
6123	10
40	0
26	0
419	0
41	0
42	0
823	0
1024	6
6458	10
7108	10
43	0
44	0
2652	1
3813	6
4687	6
4795	10
4875	10
5439	10
6306	10
6432	10
7092	10
8295	10
45	0
46	0
3435	1
3506	1
47	0
1236	0
1300	0
1564	0
1603	0
2185	0
3720	6
3803	10
3897	6
3946	1
4189	6
5922	10
6875	10
8212	10
8294	1
48	0
51	0
52	0
53	6
1744	1
3276	6
3646	1
3717	1
4183	1
4191	6
4235	6
4389	6
4666	6
4764	10
5079	10
5640	6
5998	10
840	10
5404	10
5545	10
5582	10
6198	10
6498	10
6503	10
6913	10
6946	10
7040	10
7052	10
7295	10
682	0
714	0
784	0
795	0
1020	0
1432	0
515	0
2211	0
57	0
58	0
5378	10
8237	10
59	0
928	0
1595	0
1918	0
2174	1
2547	1
2550	1
2724	1
2946	1
2966	1
2972	6
2977	1
2979	1
3015	10
5624	10
6166	10
60	0
7624	10
62	0
2092	0
2247	0
27	0
2369	10
2917	6
4400	6
4448	6
4715	10
4828	10
5210	10
5743	6
5844	6
6246	10
63	0
64	0
65	0
66	0
2799	1
4588	6
5614	10
7961	10
3238	10
3459	10
3479	6
3498	6
4098	6
4994	10
5061	6
5321	10
5524	10
5683	6
6004	10
6774	10
6832	10
6979	10
7050	10
7279	10
7620	10
8042	10
8128	10
73	0
76	0
78	0
1192	0
79	0
930	0
77	0
81	0
1157	1
83	0
91	0
67	0
84	0
85	0
2160	10
2576	1
2809	1
3050	1
3310	10
3576	1
3681	1
5028	10
5421	10
5449	6
5936	6
6094	10
6327	10
6914	10
6930	10
7553	10
71	0
1636	0
1915	1
2106	0
3804	1
4780	6
5058	6
5671	10
7809	10
7921	10
87	0
2053	1
2256	1
2623	1
2764	6
2790	1
2925	10
3460	6
3873	10
3912	6
3962	10
4078	1
4110	6
4332	6
4453	6
4632	10
4748	10
5020	6
5072	6
5200	10
5308	6
5392	6
5415	6
5584	10
5630	10
5684	10
5732	6
5737	6
5790	6
5798	10
5963	6
6156	10
6174	10
6296	10
6337	10
6400	6
6407	10
6553	10
6737	10
7381	10
7649	10
7662	10
8141	10
88	0
1270	0
1612	10
2991	1
3921	1
3974	1
90	0
1596	1
92	0
82	0
99	10
1498	10
3293	10
4071	10
5812	10
6560	10
6592	10
6634	10
6918	10
7574	10
7588	10
7803	10
8132	10
96	0
100	0
98	0
31	0
102	0
1232	0
103	0
2589	1
2851	10
4536	6
5452	6
5503	6
5800	10
5872	10
6589	10
6665	10
6967	10
7074	10
7618	10
115	0
116	0
104	0
106	0
3033	1
68	6
1159	6
1792	1
2001	6
2072	0
2102	1
2307	1
2325	1
2338	1
2440	10
2597	1
2618	1
2654	1
2765	6
2912	1
2951	1
2973	1
3021	1
3056	1
3145	1
3307	1
3313	1
3376	1
3634	10
3691	6
3816	6
3949	1
3980	1
4051	6
4111	6
4211	6
4351	6
4584	6
4587	6
4604	10
4631	6
4791	10
4884	10
4896	6
4981	10
5002	10
5096	10
5179	10
5188	10
5226	6
5233	10
5245	6
5262	10
5288	10
5351	6
5430	6
5437	6
5445	10
5457	6
5463	6
5527	10
5620	6
5637	6
5639	6
5655	10
5680	6
5721	6
5745	10
5806	10
5839	10
5848	6
5860	6
5886	6
5902	10
5925	6
5933	10
5972	10
5994	6
6083	10
6098	10
6124	10
6130	6
6505	10
6599	10
6682	10
6784	10
7063	10
7094	10
7168	10
7233	10
7341	10
7544	10
7795	10
7839	10
8051	10
8178	10
117	0
118	0
119	0
107	0
109	10
1074	10
2511	10
3752	10
4361	10
4401	10
4441	10
4786	10
4798	10
4940	10
5140	10
5273	10
5295	10
5465	10
5479	10
5563	10
5626	10
5739	10
5760	10
5819	10
5824	10
5827	10
5829	10
5871	10
6001	10
6043	10
6328	10
6344	10
6376	10
6417	10
6442	10
6464	10
6481	10
6511	10
6523	10
6528	10
6529	10
6552	10
6555	10
6567	10
6576	10
6596	10
6600	10
6699	10
6770	10
6788	10
6860	10
6901	10
6934	10
6951	10
6980	10
7005	10
7021	10
7047	10
7101	10
7185	10
7225	10
7280	10
7373	10
7393	10
7400	10
7414	10
7668	10
7694	10
7757	10
7763	10
7788	10
7810	10
7924	10
8297	10
110	0
4435	10
7855	10
7862	10
111	0
120	0
112	0
121	0
122	1
403	1
1247	6
1291	1
1393	1
1777	1
1984	6
2322	0
2474	1
2700	1
2747	1
2768	1
2805	1
2968	1
3029	1
3106	6
3148	1
3173	1
3251	1
3253	1
3393	6
3520	1
3541	1
3580	1
3587	1
3772	1
3776	1
3887	1
4117	1
4365	6
4530	6
4964	6
4977	6
5155	6
5335	6
5454	6
5506	6
5509	6
5592	6
5651	6
5947	6
7699	10
113	0
686	0
5178	10
7651	10
123	0
124	0
114	0
126	0
346	1
2290	1
2687	1
2928	1
3009	1
3265	1
3549	1
3567	1
3713	0
3769	1
4234	6
5928	6
7012	10
128	0
1950	0
2069	0
2340	1
2366	1
2386	6
3126	1
129	0
133	0
134	0
136	10
1493	10
3297	10
3346	10
3919	10
4412	6
4713	10
5482	6
5738	10
5950	10
5980	10
6000	10
6299	10
6472	10
6628	10
6670	10
6707	10
6725	10
6777	10
6805	10
6938	10
6953	10
6997	6
7054	10
7301	10
7442	10
137	0
138	0
139	0
141	0
142	0
143	0
1678	0
1955	0
145	0
5189	10
6720	10
146	0
1140	0
1141	0
149	0
155	10
6923	10
6993	10
7116	10
7493	10
7587	10
7604	10
7647	10
7648	10
7652	10
7672	10
7701	10
7927	10
156	0
157	0
1114	0
158	0
159	0
160	0
161	0
1240	0
3429	1
162	0
6691	2
165	0
4689	10
172	1
1571	1
1972	1
2356	1
2510	1
2662	1
3020	1
3030	1
3099	1
3243	1
3338	1
3670	1
173	0
314	0
948	0
1537	1
6269	10
6414	10
6606	10
6994	10
7813	10
174	0
74	0
176	0
177	0
1733	6
1799	6
4646	6
179	0
180	0
181	0
166	0
1935	1
5246	10
6305	10
6945	10
7695	10
8079	10
8083	10
8134	10
8163	10
8198	10
185	1
194	0
187	0
188	1
2713	1
189	0
196	0
190	0
197	0
195	0
198	0
199	0
2721	1
191	0
200	0
201	0
202	0
203	0
3835	6
205	0
206	0
207	0
208	0
209	0
210	0
125	0
215	0
2195	0
2234	1
2242	0
2378	0
2736	1
217	0
221	0
222	6
223	0
1793	0
225	0
240	0
242	0
244	0
245	0
247	0
231	0
5263	6
233	0
234	0
235	0
237	0
2838	1
8121	10
248	0
238	0
239	0
169	0
253	0
254	0
1287	0
256	0
260	1
2770	1
5773	10
5828	6
6840	10
263	0
3726	10
5222	6
264	0
265	0
827	1
5083	6
266	0
267	0
268	0
269	0
270	0
4432	10
276	0
277	0
275	0
2844	1
241	0
2785	10
283	0
284	0
287	0
288	0
289	0
291	6
2326	1
3455	6
4466	6
4776	6
294	0
292	0
293	0
295	0
296	0
297	0
4983	10
5793	1
3724	6
4557	6
249	0
303	0
1833	0
903	0
1277	0
3191	6
4041	6
4138	6
5176	6
5182	6
5969	10
6029	6
307	0
320	0
309	0
2121	0
3417	6
3664	6
4471	6
4482	6
5239	6
5753	10
2425	0
2605	6
2672	0
2918	1
2940	1
3068	1
3969	6
4534	6
4650	6
6595	10
7833	10
312	0
315	0
316	0
305	0
318	0
967	10
2592	6
2629	1
3547	1
3796	6
4527	6
4551	6
4954	6
5075	6
6110	10
6347	10
6570	10
7910	10
8037	10
329	0
330	0
323	0
326	0
331	0
327	0
251	0
328	0
333	0
335	10
5887	10
7443	10
7497	10
7688	10
4403	6
336	0
6221	10
7450	10
337	0
340	0
1266	0
2163	0
2670	1
342	0
343	0
344	0
2501	1
345	0
2251	1
2416	1
3104	1
3446	1
3483	1
3971	6
4822	6
351	0
355	0
352	0
353	0
357	0
193	0
364	0
365	0
366	0
369	0
367	0
6388	10
7277	10
7422	10
374	0
375	0
376	0
386	0
381	0
382	0
387	0
101	0
383	0
2674	1
384	0
393	0
395	10
4175	10
4341	10
5199	10
6904	10
6976	10
7512	10
7890	10
397	0
398	10
6890	10
399	0
400	0
401	0
404	0
2433	10
2617	1
3130	1
4846	6
4980	10
5559	6
5568	6
5817	10
7306	10
408	0
409	0
410	0
411	0
413	0
414	0
416	0
418	0
423	0
424	0
2231	1
2880	1
5384	10
5487	10
5811	10
5835	10
6241	10
6255	10
6323	10
6424	10
6447	10
6613	10
6803	10
6809	10
6813	10
6982	10
7131	10
7351	10
7707	10
426	0
430	0
618	0
4653	6
5466	10
5693	6
434	10
436	0
437	0
438	0
412	0
441	0
443	0
7992	10
444	0
451	0
448	0
449	1
3548	1
4402	6
446	0
450	0
211	0
453	0
454	0
455	0
456	0
457	10
1600	0
2277	6
2818	1
2996	1
3200	1
3324	1
3409	1
3849	1
3911	6
3922	6
4173	6
4315	6
4488	10
4507	10
4621	6
4797	6
4824	6
4831	6
4879	10
4899	6
4986	6
5012	10
5045	6
5121	10
5148	10
5204	6
5285	6
5289	10
5305	6
5513	6
5623	6
5631	6
5638	10
5663	6
5705	6
5757	6
5776	10
5792	10
5801	10
5809	10
5830	10
5832	10
5850	6
5891	6
5931	6
5932	10
5973	6
5991	10
6009	6
6010	10
6021	10
6032	10
6106	10
6149	10
6161	10
6218	10
6243	10
6261	10
6270	10
6302	10
6334	10
6409	10
6422	10
6474	10
6491	10
6554	10
6571	10
6594	10
6632	10
6663	10
6668	10
6685	10
6686	10
6783	10
6873	10
6897	10
6907	10
7034	10
7073	10
7237	10
7238	10
7389	10
7491	10
7529	10
7561	10
7791	10
7835	10
7860	10
7946	10
7957	10
7965	10
7979	10
8044	10
8050	10
8209	10
8219	10
8224	10
8226	10
8249	10
458	0
460	0
461	0
462	0
463	0
3939	1
3942	1
467	0
468	0
164	0
472	0
476	0
479	0
480	0
481	0
486	0
473	0
489	0
490	0
492	0
493	0
494	0
497	0
498	0
499	0
501	0
502	0
504	0
507	0
513	0
511	1
509	0
516	0
519	0
520	0
525	6
521	0
522	0
523	0
445	6
527	0
528	0
531	0
530	0
529	0
534	1
536	0
539	1
540	0
541	0
542	0
543	0
544	10
7646	10
546	0
3811	1
4199	6
5298	10
5807	10
6421	10
6590	10
551	0
218	0
547	0
548	0
550	0
552	0
553	0
554	1
555	0
556	0
557	0
558	0
561	0
562	0
563	0
565	0
568	0
569	0
570	0
571	0
572	0
573	0
574	0
576	0
577	0
578	0
580	10
2258	6
5103	10
5500	10
583	0
582	6
4562	6
4605	6
4728	6
585	0
588	0
591	0
595	0
593	0
596	0
594	0
597	0
598	0
599	0
6892	10
7912	10
602	0
605	0
610	0
612	0
614	0
615	0
495	0
620	0
8289	0
621	0
625	6
632	0
5469	6
634	0
1403	10
3554	6
4323	6
5539	6
6148	6
646	1
635	0
638	0
640	0
641	0
642	0
648	0
649	0
3082	1
3256	1
651	0
655	0
652	0
653	0
654	0
661	0
662	6
1961	6
2223	10
4480	6
666	0
639	0
669	0
672	0
4049	6
676	0
678	0
683	0
688	0
689	0
690	6
692	0
693	0
695	0
4639	6
699	0
701	6
703	0
1819	0
708	0
2993	1
709	0
3671	1
711	0
712	0
713	0
716	0
718	0
3808	6
720	0
721	0
2571	0
2591	1
2607	1
2647	1
2797	1
2821	1
2825	1
2856	1
2902	1
3255	1
3609	1
5326	6
6714	10
724	1
726	0
727	0
728	0
729	0
731	0
732	0
1823	10
1865	10
3842	10
4298	6
5064	10
5772	10
6047	10
6280	10
6320	10
6618	10
6700	10
6736	10
6759	10
6772	10
6789	10
6917	10
6924	10
6933	10
7162	10
7186	10
7323	10
7386	10
7391	10
7397	10
7449	10
7517	10
7567	10
7593	10
7658	10
7666	10
7669	10
7673	10
7675	10
7730	10
7778	10
7799	10
7819	10
7874	10
8168	10
8192	10
8204	10
738	0
5301	10
734	0
735	0
4385	6
4386	6
6712	10
7214	10
7691	10
745	0
2116	1
5215	6
7683	10
751	0
754	0
752	0
753	0
755	0
758	6
759	0
4777	6
5673	10
766	6
1971	6
2507	1
2658	10
3000	10
3103	6
3271	6
3319	1
3320	1
3348	10
3381	10
3486	1
3555	1
3616	1
3856	1
4219	6
4500	6
4529	6
4583	6
5033	6
5432	10
5650	6
5837	6
6501	10
7510	10
7879	10
7882	10
8073	10
7378	10
767	0
768	0
770	0
772	0
773	0
774	0
736	0
775	0
776	0
786	0
788	0
2914	10
5709	10
6360	10
780	0
781	0
782	0
783	0
4355	6
5120	6
5470	6
785	0
792	0
7899	10
796	0
799	0
800	0
801	0
804	1
807	0
808	0
811	0
812	0
3875	1
4181	6
814	0
815	0
816	0
819	0
821	0
818	0
3465	1
824	0
1970	0
2638	1
3105	0
3235	1
3822	1
3908	1
4030	6
4678	6
4783	6
5426	6
5740	6
7250	10
8246	10
830	0
832	0
831	0
835	0
841	1
3914	1
842	0
843	0
845	0
847	0
848	0
851	0
854	0
1770	0
2112	0
855	0
4014	1
852	0
2910	6
860	0
862	0
865	0
867	0
869	0
870	0
2990	1
3023	1
874	0
876	0
877	0
879	6
3745	1
4359	6
4550	6
880	0
883	0
886	0
888	0
889	0
890	0
891	0
892	0
469	0
898	0
900	0
1323	0
902	6
2751	1
905	0
909	10
7407	10
7439	10
910	0
911	0
912	0
914	0
923	0
915	0
916	0
917	0
919	0
920	0
921	0
924	0
787	0
927	0
926	0
931	0
940	0
944	0
2083	0
3629	1
5253	6
949	0
950	6
951	0
954	0
957	0
961	0
965	0
962	0
964	0
933	0
969	0
970	0
973	0
3205	0
976	0
980	0
984	0
986	0
988	1
2974	1
3538	1
3809	10
3825	1
5417	6
8122	10
8124	10
8130	10
987	0
990	0
992	0
3888	1
3885	10
996	1
5784	6
998	0
1005	0
6027	10
7436	10
1001	0
1002	0
1003	0
1004	10
1008	10
1011	0
3301	1
1013	0
1016	0
1017	0
1019	0
1009	0
1021	0
1025	0
1027	0
1028	0
1033	0
1037	0
1040	0
1041	6
4127	6
4468	6
5309	6
6311	10
1042	1
1045	0
1046	0
1047	0
1048	6
1050	0
1052	0
1051	1
1058	0
1059	0
1060	6
1063	10
1064	0
1067	0
1065	0
1066	0
1070	0
1071	0
1072	0
872	0
5499	6
6755	10
6769	10
6850	10
1084	0
1078	0
1079	6
1081	0
1082	0
1083	0
1085	0
1086	0
1089	0
1087	10
1088	0
1093	0
1094	0
1095	0
1096	0
3155	1
1098	10
2650	1
2781	1
6568	10
6806	10
7059	10
7060	10
7110	10
7120	10
7201	10
7262	10
7634	10
8002	10
1099	0
1104	0
1105	0
1106	6
1101	0
1107	0
1108	0
1109	0
1110	0
1112	0
1113	6
1102	0
1115	0
1120	0
1126	0
1129	0
1130	0
1132	6
1133	6
2129	6
4047	6
4188	1
4254	6
4311	6
4331	6
4558	6
4620	6
4648	6
4677	6
4946	6
5043	6
5044	6
5635	6
5977	10
6226	10
1134	0
1135	0
1664	0
5141	6
1138	0
1139	0
1142	0
1143	0
1068	0
1145	0
1146	0
1147	1
1148	0
1150	0
1155	0
1158	0
1161	0
2376	10
3266	1
3893	1
6023	10
6164	10
1177	0
1178	0
1179	6
1169	1
1170	0
1180	0
1171	0
1090	0
1172	0
1173	0
1174	0
1175	0
1182	0
1183	1
1176	0
1187	0
1188	1
1189	0
3193	1
1194	0
1195	0
1197	0
1198	1
3138	1
1202	0
1204	0
1205	0
1206	0
1207	6
1208	0
1209	0
1210	0
1212	1
1213	0
1214	0
1215	0
1216	0
1219	0
1223	0
1224	0
1225	0
1226	0
1227	0
1228	6
1229	0
1231	0
1233	0
1235	0
1237	0
1238	0
1242	0
1244	10
1245	0
1246	0
3171	1
1252	0
1254	0
1255	0
1256	0
1257	0
1258	0
1262	0
1264	0
1268	1
1269	1
1271	0
1272	0
1273	0
1274	0
1275	0
1278	0
1276	0
1280	0
1281	0
2956	10
1290	0
1292	0
1293	0
1294	0
1295	0
1298	0
1299	0
1301	0
1302	0
1303	0
1304	0
3461	6
3973	6
4993	6
1306	0
3867	1
1308	0
1309	0
1313	0
1311	0
1312	0
1314	0
1316	0
1317	0
1318	0
3237	1
1320	1
1324	0
1327	0
1328	0
1325	0
1329	0
1331	0
1332	0
1333	0
1334	0
1335	0
1336	6
1337	0
1338	0
1339	0
1340	0
1341	0
1342	0
1343	6
1344	0
1345	0
1346	0
1349	0
1350	0
1351	0
1359	6
1354	0
1355	0
1361	0
1356	0
1362	0
1358	0
1365	10
1366	0
1367	1
1368	1
3785	6
1369	0
1370	0
1373	0
7088	10
1376	0
1379	0
1380	0
1381	0
1383	1
1386	0
1387	0
1388	1
1391	0
1392	0
1395	0
1397	0
1398	0
1399	0
1400	0
1401	10
1404	0
1405	0
1406	0
1408	0
1409	0
1410	0
1421	0
1422	0
1423	0
1424	0
1426	0
1427	6
2679	0
3080	1
1429	0
1430	6
1431	0
1433	0
1434	0
1436	0
1184	0
4809	6
1438	0
1440	0
1443	0
1445	0
1447	0
1448	0
1449	0
1450	0
1451	0
1452	1
1454	0
1455	0
1456	0
1457	6
1458	0
1459	0
1460	0
1461	0
1462	0
1463	1
1466	0
1467	0
1469	0
1470	6
3285	1
5706	6
1581	0
1474	1
1480	0
1481	0
1483	0
1488	0
1494	0
1495	0
4411	1
1499	0
1500	0
1502	0
1503	0
1504	1
1505	0
1511	0
1510	0
1512	0
1515	0
1516	0
1517	0
1519	0
1522	1
4012	1
6462	10
1523	0
1527	0
1526	0
1528	0
1535	0
1536	0
1539	10
1540	0
1541	0
1543	0
1545	0
1546	0
2423	1
5115	6
6059	10
6096	6
1552	0
1553	0
2233	0
3880	1
4009	10
4272	6
5312	6
1551	0
1554	10
1558	0
1559	0
1560	0
3933	1
1568	0
1570	0
1572	0
1574	1
1575	1
1576	0
1578	0
1579	0
1010	10
1582	0
1584	0
1588	0
1589	0
1590	0
1591	0
1594	0
1599	0
1601	0
1602	0
1605	0
1606	0
1607	0
1609	0
1611	1
7042	6
8149	10
8235	10
8148	10
1614	0
1615	0
1616	0
1617	0
1530	0
1620	0
1623	0
1625	0
1627	0
1626	1
1630	1
1631	0
1632	0
1634	0
1635	0
1639	0
1642	0
1643	0
1644	0
1645	6
1650	0
1651	0
1655	0
1656	0
4580	0
1659	0
1660	0
1663	0
1665	0
1666	0
1667	10
8019	10
1668	0
1670	0
1671	0
1647	6
1674	0
1675	0
1676	0
1677	0
4654	6
1681	6
1682	0
1683	0
1685	0
1684	1
1686	0
1690	0
1691	1
1693	0
6723	10
1694	0
1695	0
1696	0
2552	6
1698	0
1699	0
2244	0
1711	0
1703	0
1704	0
1708	0
1709	0
1710	0
1712	0
1713	0
1715	0
1719	0
1720	10
1721	0
1722	10
1724	0
1725	0
1728	0
1731	0
1735	0
1736	0
1737	10
6340	10
1740	0
1738	0
1739	0
1741	0
1742	0
1743	0
1745	0
1748	6
4815	6
8275	10
1753	0
1755	0
1756	0
1760	0
1761	0
1762	10
1763	0
1764	0
1765	0
1766	0
1767	1
2678	1
2798	0
3999	1
1759	0
1773	0
1775	1
1778	0
1782	1
1751	1
1784	0
1785	0
1789	6
1790	1
1795	1
679	0
1796	10
1797	0
5569	6
1800	0
1803	0
1804	0
1806	0
1807	6
2645	6
5271	6
5296	6
1809	0
1810	0
1812	0
1813	6
4552	6
8186	10
5146	6
1820	1
1821	1
3669	1
1822	0
1825	0
1826	0
1827	1
347	0
1828	0
1829	0
1838	0
1830	0
1831	0
1832	1
1834	0
1839	0
1840	0
1841	0
1844	0
1845	0
1846	0
5208	6
7146	10
1852	0
1853	0
1856	0
1860	0
1862	0
1866	0
1867	10
1868	0
1869	0
1870	0
1874	6
1875	1
1871	0
1872	0
1876	0
1873	0
1879	10
1881	0
1882	0
1883	0
1885	1
1886	0
1887	0
1889	0
1891	1
1892	0
1894	0
1895	0
1896	1
1897	0
1899	0
1900	0
1902	0
1905	0
1906	0
1907	0
1909	0
1911	0
1912	1
1913	0
1914	10
1916	0
1917	0
1921	0
1922	1
3201	1
1923	0
1924	6
1925	0
1928	0
1890	0
1926	0
1929	0
1930	0
1931	0
1937	6
1932	0
1933	0
1938	0
1934	0
1939	0
1940	1
1941	0
1943	1
1944	0
1945	0
1946	6
1947	1
4031	1
1948	0
1951	1
1958	0
1959	0
1960	0
1962	0
6621	10
6762	10
1967	1
1968	0
1975	0
1976	0
1978	0
1952	0
1980	1
1981	1
1986	0
1988	0
1989	0
1993	0
1994	0
1995	0
1996	0
1794	1
2000	0
2002	0
2005	0
2008	0
2009	1
2040	0
2010	10
2011	6
2012	0
2013	0
2042	0
2015	0
2017	0
2018	0
2019	0
2020	0
2021	0
2044	0
2023	0
2024	0
2025	0
2026	0
2027	0
2045	0
2029	0
2030	0
2031	0
2032	0
2033	6
2034	0
2035	0
2036	0
2037	10
6111	10
698	1
4216	6
2038	0
2049	1
2050	0
2051	0
2052	0
2054	0
2056	6
2057	6
2058	6
2059	10
2061	1
2063	0
2064	6
2065	1
2068	0
2070	0
2077	1
2081	0
2082	0
2084	0
2086	0
2087	0
2088	0
2089	0
2090	0
2093	1
2096	10
2422	1
2100	0
2099	0
2104	0
2103	0
2105	0
2108	1
2110	0
2111	6
2115	6
2118	1
6321	1
7994	10
8225	10
2125	0
2126	0
2127	6
2130	0
2131	0
2132	0
2133	1
2136	0
2138	0
2139	0
2141	0
2142	0
2143	0
4218	6
2146	0
2147	0
2148	0
2149	0
2150	0
2152	0
2156	0
2155	0
2159	0
2161	0
2164	0
2167	0
2169	0
2170	1
2171	1
2172	0
2173	0
2175	0
2176	1
2177	1
2179	0
2180	0
2183	0
2184	0
2186	1
2187	0
2188	6
2189	0
2190	0
2191	0
2192	10
2194	0
2196	6
2197	0
2198	0
2199	0
2200	1
2201	0
2203	0
2204	0
2212	0
2213	0
2214	0
2215	6
2216	0
2217	6
2218	0
2219	0
2221	0
2222	0
8033	10
2224	1
2226	10
2227	1
2228	1
2230	1
3623	1
2232	1
2235	0
2236	1
2238	0
2239	0
2041	1
2243	0
2249	10
2250	0
2254	0
2255	0
3737	1
2259	0
2260	0
2261	0
2262	0
2153	1
2266	0
2267	10
2268	10
2269	10
2270	10
2274	1
5393	10
7490	10
8175	6
2278	10
2280	0
2282	0
2283	10
2286	0
2287	1
3556	1
6055	10
2288	1
4876	6
2291	0
2292	0
2265	0
2293	0
2295	6
2296	0
3770	10
2298	1
2299	1
2300	0
2301	0
2302	0
2304	3
2305	3
2308	1
2310	1
2311	1
2312	1
2313	1
2314	1
2315	1
2309	1
2316	6
5375	6
2317	1
2318	1
2319	1
2320	1
2321	6
2330	10
1561	0
2331	10
2334	0
2335	0
2336	0
2337	0
2342	6
2343	0
2344	0
2349	1
2351	0
2352	1
2353	0
2272	0
2357	0
2359	1
2360	1
2361	0
2363	1
2365	1
2367	1
2368	1
5231	6
5255	6
5303	6
5467	6
5564	6
5664	6
6041	10
6107	10
6235	10
7928	10
2370	0
2372	0
2374	0
2379	6
2380	0
2382	0
2387	6
5354	6
2388	0
2389	0
2390	6
2392	0
2391	0
2394	0
2395	0
2396	0
2393	0
2399	0
2401	0
2402	1
2403	1
2404	0
2405	0
2406	1
2407	0
2306	0
7304	10
2412	1
2413	1
2414	0
2417	0
2418	0
2113	1
2420	1
2419	1
2424	0
2428	0
2429	1
2427	1
2434	1
2437	6
2373	0
2438	0
2462	0
2463	0
2439	0
2441	0
2442	0
2443	0
2444	6
2445	0
2446	0
2094	0
2447	0
2448	0
2449	0
2450	0
2451	6
2452	10
2453	0
2454	0
2455	0
2465	0
2457	0
2466	0
2458	10
2459	0
2460	0
2461	0
2471	0
2472	1
2473	1
2476	1
2477	0
2478	1
2480	6
2481	10
2482	0
2487	1
2488	1
2489	6
2491	0
2492	0
2493	10
2494	0
2495	0
2496	6
2497	1
2500	1
2502	1
2503	1
8296	6
2505	1
5311	6
2509	1
2512	6
2514	6
2513	6
2515	6
5926	10
6532	10
2518	1
2519	0
2355	0
2520	0
2530	0
2531	1
2521	0
2522	0
2523	10
2534	0
2526	0
2527	1
2528	0
2536	0
2537	0
2538	0
2529	0
2540	0
1181	0
2541	1
2543	1
2498	1
2545	1
2546	1
6435	10
2548	1
2549	1
2551	1
899	1
2555	1
2556	0
2566	1
2557	1
4220	6
2469	0
2567	0
2558	1
2559	1
5406	10
2561	1
2562	10
2563	0
2564	6
4778	6
5364	6
6942	10
7319	10
7362	10
7857	10
7996	10
8068	10
8169	10
2569	0
2572	1
2573	1
2574	1
5713	6
2577	0
2578	1
2581	1
2582	1
2583	1
2584	1
2586	1
4625	6
2596	1
2598	0
2603	0
6080	10
2606	1
2608	1
2609	1
2610	1
2611	1
5387	6
2613	1
2614	1
2615	1
2616	1
5240	6
5533	6
5956	1
6109	6
6279	1
2627	0
2626	0
2630	1
2631	1
2632	1
2633	0
1863	0
2634	0
2635	0
2636	0
2637	0
2639	0
2640	0
2641	0
2642	0
2644	6
2628	0
2648	1
2649	1
6543	6
2656	1
5260	6
8024	10
2659	1
2661	1
2663	1
2664	1
2668	0
2671	1
2673	1
2675	0
2676	0
2677	10
2680	10
2682	0
2683	1
2684	0
2699	1
2701	1
6105	10
2702	1
2703	1
2688	6
5368	6
5514	6
5756	10
2704	1
6078	10
2690	1
2691	6
2692	1
2705	1
2706	1
2694	6
2695	1
2698	1
2709	0
2711	1
2715	1
2716	1
2717	1
2718	1
2719	1
2722	0
2723	0
2725	0
2728	0
2730	10
2731	0
2733	0
2729	0
2734	0
2737	6
2738	10
7423	10
2739	10
2740	1
2741	1
2744	6
2748	1
2749	1
2752	6
2753	1
2755	0
2757	1
2759	0
2761	0
2762	0
2766	1
2767	1
2771	1
2769	1
2772	1
2773	1
2776	0
2778	6
2779	1
2780	1
2782	10
2783	10
2784	10
2786	6
2788	1
2789	1
3036	1
2791	1
2792	1
2793	10
2796	1
2802	6
2803	1
2804	1
2807	1
2808	1
2813	1
2817	1
2823	1
3109	6
2824	1
2826	1
2758	1
2827	1
2832	6
4264	6
2833	1
2835	0
2839	10
2840	1
2845	0
2846	0
2847	0
2848	0
2849	0
2850	0
2852	6
2853	0
2855	10
2857	1
2858	1
4171	6
2860	1
2866	0
2867	6
2861	0
2868	0
2869	0
2862	1
2863	1
2870	0
2864	0
2865	1
2872	1
2875	1
2876	0
2879	1
2881	1
2882	1
2883	6
4068	6
2884	1
2885	1
2467	1
2896	0
2568	6
2886	10
2887	0
2888	0
2464	0
2889	6
2890	0
2891	0
2892	0
2893	0
2894	0
2895	0
2898	1
2901	1
2899	1
2905	10
2903	6
2904	1
2906	1
2907	6
2908	10
2913	1
2916	1
2919	1
2921	1
2924	1
2929	0
2930	0
2931	10
7316	10
2933	1
2935	6
2939	1
2938	0
7254	10
2941	1
2936	1
2944	1
2945	1
2947	1
2948	1
2949	1
2950	1
2952	1
2953	1
2954	1
2957	0
2960	1
2961	1
2962	1
2964	6
2965	1
2967	6
4086	6
4866	6
4934	10
4987	6
4992	10
5694	6
6611	10
7023	10
7734	10
2971	6
2969	6
2970	6
2978	1
2980	1
2982	1
2983	10
2985	1
2986	1
2987	1
2988	1
2989	1
2992	1
2994	1
2995	1
2998	1
3001	1
3008	1
3003	1
3004	6
3006	1
3011	1
3012	1
3013	1
3016	1
3017	1
3019	1
3363	1
3022	1
3025	0
4684	6
4779	6
4887	1
5267	6
5350	6
5442	6
6427	10
6475	1
3031	1
3032	6
3035	6
3037	1
3038	1
3039	1
3040	1
3041	1
3042	1
3043	1
3044	1
3048	1
3049	1
3046	1
3051	1
3052	1
3053	1
3054	1
3055	1
3057	6
3047	1
3060	1
3061	1
3062	1
2976	1
3066	0
3070	1
3071	1
3072	1
7290	10
3074	1
3075	1
3076	1
3077	1
3078	1
3063	1
7735	10
3081	1
3083	1
3085	6
3086	6
3087	6
3088	10
3090	6
6530	10
3091	6
3093	1
3094	6
3097	1
3098	1
3095	1
3096	1
3101	0
3102	1
3107	1
2842	1
3617	1
3108	1
8227	6
3110	6
3111	1
3112	1
3113	1
2003	1
7440	10
3115	1
3118	1
3119	1
3120	1
3123	1
3124	1
3127	1
3701	1
3128	1
3129	1
3131	0
3132	1
3135	0
3133	0
3134	0
3137	1
3143	1
3142	10
3146	1
3147	1
3149	1
3151	1
3152	1
3153	1
3154	1
3156	1
3158	1
3159	1
3160	6
3162	1
3163	1
3165	1
3166	1
3167	1
3169	0
3168	6
3172	6
3174	1
3175	1
3176	6
3181	6
3190	6
3182	1
3183	1
3184	1
3185	1
3186	1
3187	1
3188	1
3189	1
3194	4
3195	4
3196	1
3197	1
3198	1
3199	1
3202	1
3203	1
3204	1
3206	1
3207	1
3208	6
3209	1
3212	6
3213	6
3215	6
3214	6
3216	1
3210	10
3217	6
532	6
3219	6
3220	6
3221	6
1509	6
3211	1
3218	6
3222	6
3223	6
3224	6
3225	1
3226	1
3227	10
3228	1
3229	1
3230	1
3231	1
3232	1
3234	1
3233	1
3239	1
3240	1
3241	1
3242	1
3244	5
3245	5
3246	6
3247	10
3248	0
3249	6
3250	1
3252	1
3257	1
3263	1
3264	1
3259	6
3261	1
3262	1
3267	1
3268	1
212	1
3269	10
3270	1
2624	1
3272	1
3280	1
3281	1
3273	1
3275	1
3277	1
3278	1
3279	1
3288	1
3292	6
3294	1
3296	1
3298	1
3299	1
3300	1
3302	1
3303	1
1529	1
3304	1
3305	1
3311	1
3312	1
3282	1
3314	1
3315	6
3290	1
3318	1
3316	1
3317	1
3322	1
3323	1
3325	1
3326	6
3335	1
3331	1
3332	1
3333	1
3339	1
3340	6
3341	1
3342	1
3343	1
3344	1
3345	10
3349	1
3350	6
3353	10
3354	10
3355	10
3360	10
3356	10
3357	1
3358	10
3359	10
3306	6
3361	1
3362	10
3368	1
3369	1
3370	1
3366	6
3367	1
3373	6
3374	1
3375	1
3377	1
3378	6
3379	1
3380	1
3382	1
3383	1
3384	1
3385	1
3388	6
3389	1
3391	1
3392	1
5882	6
3395	1
3396	1
3397	1
3398	1
3399	1
3400	1
3401	1
3403	1
3402	6
3592	1
6307	10
8263	10
3405	1
3390	6
5388	6
3407	1
3406	1
3411	1
3412	1
3422	1
3423	1
3416	1
3424	1
3425	6
3418	1
3426	1
3434	1
3436	1
3437	1
3440	1
3441	1
3438	1
3444	1
3445	6
6225	6
6724	10
6920	10
7222	10
3448	6
3449	6
3450	6
3451	6
4880	6
5306	6
5471	6
6054	10
6826	10
3457	6
5363	6
3462	6
3466	6
3467	1
3468	1
3469	6
3470	1
3472	6
3471	10
3475	1
3481	1
3482	1
3477	1
3478	6
3487	1
3488	1
3492	1
3493	1
3490	1
3494	1
3495	6
3427	1
3496	1
3491	1
2524	1
3497	1
3499	1
3500	1
3504	1
3509	1
3510	1
3515	1
3511	1
3512	1
3513	1
3514	1
3518	1
3519	6
3521	6
3522	6
3523	1
3524	1
3525	1
3526	1
3527	1
3386	1
3530	1
3531	1
3532	1
3535	1
3536	1
3539	1
3540	1
3542	6
3543	1
3508	1
3544	1
3545	1
3550	1
3551	1
3552	1
3553	1
3558	1
3560	6
4481	6
3561	1
3563	10
3564	1
3565	1
3566	1
4265	6
6162	10
3569	1
3577	1
3579	1
3578	1
3708	1
7708	1
3581	1
3582	1
3583	1
3584	1
3585	1
6680	10
3589	1
3528	1
3591	6
3590	6
3593	10
3594	1
3598	1
3595	1
3599	1
3600	10
3601	6
3596	1
3597	1
3602	1
3603	6
3605	1
3606	1
3610	1
3611	1
3613	1
3618	1
3619	1
3620	1
3621	1
3622	1
3624	6
3625	6
3604	1
3628	1
3630	1
3632	1
3633	1
3636	1
3637	1
3638	1
3639	6
3640	1
3641	6
3642	10
6721	10
3649	1
3647	1
3651	6
3652	6
3654	1
3653	1
3655	6
3656	1
3657	1
3658	6
3659	1
3662	10
3663	6
3665	10
3666	6
3667	6
3668	1
3673	6
3674	1
3675	1
3676	1
3677	1
3678	1
3682	1
3683	10
3684	1
3685	1
3686	1
3692	6
3687	1
3688	6
3689	1
3690	1
3832	1
5481	6
7387	10
3693	1
3694	1
3695	1
3696	1
3697	1
3698	1
3700	1
3702	1
3703	1
3704	1
3705	1
3706	1
3707	1
3709	1
2067	10
3711	0
3712	0
3714	6
3715	1
3718	1
3719	1
3723	10
3722	10
3733	0
3571	10
3725	1
3727	0
3728	6
3729	6
3735	1
3730	0
3731	1
3742	6
3743	6
5133	6
3744	1
3746	1
3747	10
3749	10
3750	1
3751	10
3753	1
3754	1
3679	1
3757	1
3758	1
3759	1
3760	1
3761	1
3762	1
3763	1
3764	10
3765	1
3766	6
3767	6
3771	1
3774	1
3775	1
3777	6
4413	6
3779	1
3780	1
3781	1
3782	1
3784	1
3783	1
3786	6
5778	6
2975	1
3791	1
3797	6
3795	6
3794	6
3798	1
3799	1
3801	10
3802	1
3805	1
3810	1
3814	6
3815	6
3817	1
3823	1
3824	1
3827	1
3829	1
3821	1
3833	1
3834	1
3836	1
3837	1
3841	1
3839	1
3840	1
3844	1
3845	6
3848	1
3850	6
3851	6
3855	1
3858	1
3862	1
3863	6
3864	1
3865	1
3869	6
3870	1
3872	6
8038	10
3648	1
3876	1
3878	1
3877	6
3881	1
3882	1
3883	1
3886	1
3889	1
3890	6
3891	1
3894	1
3895	1
3896	1
3900	1
3901	1
3902	6
3904	1
3905	1
3906	1
3907	1
3909	1
5588	6
3916	10
3917	6
3918	1
3920	6
3923	1
3924	1
3925	1
3927	1
3928	1
3929	1
3930	6
3931	1
3932	10
3935	1
3936	1
3941	1
3943	6
3944	6
3947	1
3945	1
3948	6
3952	1
3953	1
3954	1
3955	6
3959	1
3960	6
3961	1
4886	10
3964	1
3965	10
3963	1
3966	1
3957	1
3968	1
7062	10
4966	6
6257	6
6278	6
3977	6
3978	1
3979	6
3981	6
3987	6
3982	6
3989	6
3983	6
3984	10
3990	6
3985	6
3986	6
3991	1
3992	1
3997	1
3998	1
4000	1
4001	6
4005	1
4006	1
4007	6
4008	6
4010	6
4016	1
4015	6
4019	1
4020	6
4023	6
4025	1
4026	1
4027	6
4028	1
4034	6
4035	1
4036	6
4038	6
6709	24
4039	6
4042	6
7149	10
4991	6
4045	6
4521	6
4046	10
7257	10
4048	6
4050	6
4053	6
4056	6
4057	6
4059	6
4061	1
4062	6
4063	6
4077	6
4064	1
4066	6
4067	1
4069	1
4079	6
4070	6
4073	6
5274	6
4074	6
4075	1
4080	6
4083	1
4082	6
4085	6
4089	6
4090	6
4091	6
4092	6
4095	6
4096	6
4097	6
4100	6
4108	6
4104	6
4105	6
4109	6
4106	6
4107	6
4116	6
4119	6
4120	1
4121	1
4076	6
6858	6
4122	1
4123	6
4125	1
4126	1
4128	6
4237	6
4129	1
4130	1
4131	1
4132	1
4133	1
4135	1
4136	6
4137	6
4139	1
4140	10
4141	6
4142	6
4143	1
4144	6
4145	1
4146	1
4147	1
4148	6
4149	1
4150	6
4151	6
4152	6
4153	1
4154	1
4159	1
4163	6
4164	10
4165	6
4166	6
4155	6
4167	7
4168	7
4169	10
4170	6
4174	6
4176	6
4177	6
4178	6
4180	6
3819	6
4184	6
4185	6
4186	6
4187	6
4190	6
4194	6
4192	10
4195	0
4197	6
4198	6
4200	10
4207	6
4208	6
4202	6
4203	6
4204	6
3995	6
4209	6
4205	6
4210	6
4206	6
5362	6
4215	1
4213	6
4214	6
4217	6
4222	6
4223	6
4224	6
4221	10
4225	1
4228	6
4232	6
4093	6
4236	6
4238	6
4240	6
4243	6
4244	6
4241	6
4242	6
4245	6
4246	6
4248	6
4249	6
4250	6
4251	6
4252	6
4229	6
4255	6
4257	6
4259	6
4260	6
4267	6
4275	6
4273	6
7315	10
213	6
4277	6
4274	6
4278	6
4279	6
4280	6
4282	6
4283	6
4284	6
4285	6
4291	6
4292	6
4295	6
4296	6
4304	1
4305	1
4308	6
4306	1
4307	1
4312	6
4313	6
4314	6
4316	6
4317	6
4318	6
4319	6
4320	6
4321	6
4324	6
4325	6
4326	10
4327	6
4328	10
4329	6
4333	6
4334	6
4336	6
4337	6
4345	6
4346	6
4340	6
4342	6
4343	10
4347	10
7952	10
8090	10
4344	6
4348	6
4352	6
4353	6
4354	6
4357	6
4358	6
4360	6
4364	10
4362	6
4363	6
4366	6
2028	6
4368	6
4369	6
4371	6
4370	6
4372	6
4375	6
4377	6
4378	6
4383	10
4379	6
4380	6
4381	6
4382	6
4393	6
4394	6
4399	6
4322	6
4395	10
4396	6
4397	6
4398	10
4404	6
4408	6
4405	6
4414	6
4415	6
4416	10
4423	6
4425	6
4426	6
4427	6
4428	6
4429	6
4430	6
4431	6
4433	6
4434	6
4436	6
4437	10
4438	6
4439	6
4440	6
4442	6
4443	6
4444	6
4445	6
4446	6
4447	10
4449	6
4451	10
4452	6
4450	6
4454	6
4455	6
4539	6
4456	10
4457	6
4458	6
4459	6
4460	6
4461	6
2047	6
4462	6
4464	6
4465	6
4467	6
4469	1
4470	6
4473	6
4474	6
4477	6
4476	10
8139	10
4478	6
4475	6
4479	6
7292	6
4493	0
4486	6
5726	6
4494	0
4495	0
5955	10
4489	6
4490	0
4496	6
4491	0
4497	0
4504	6
4502	6
4503	6
4492	6
4508	6
4509	6
4511	6
4498	6
4516	6
4523	10
4524	10
4526	6
4533	6
4535	6
4538	6
4540	8
4541	8
4542	10
4544	6
7434	10
4543	6
4545	6
5434	6
5570	6
4553	6
4554	6
4555	6
4556	6
4560	6
4563	6
4564	6
4565	6
4566	6
4567	1
4568	6
4569	1
4575	6
4576	6
4577	6
4581	6
4582	6
4586	6
4592	6
4593	6
4594	6
4595	6
4596	6
4597	6
4598	10
4599	6
4602	6
4601	6
4603	6
4608	6
4607	6
4609	6
2841	0
4611	0
4612	6
4615	6
4616	10
4617	6
4618	6
4619	6
4622	6
4623	6
4624	10
4629	6
4626	6
4627	6
4630	6
4487	6
4633	6
4636	6
4638	6
4640	6
4641	6
4644	6
4649	6
4651	6
4652	6
4655	6
4635	6
4659	6
4660	6
4663	6
4664	6
4647	6
4665	6
8043	10
4672	6
4667	6
4673	10
4668	6
4669	10
4670	6
4671	6
4674	6
4681	6
4683	6
4682	6
4686	6
4688	6
4693	6
4692	6
4694	6
4695	6
4696	6
4697	6
4698	6
4699	6
4700	6
4701	6
4702	6
4703	6
4704	6
4705	6
4707	6
4708	6
4710	6
4711	6
4714	10
4716	6
2621	10
4718	6
4721	1
4720	1
4723	6
4725	6
4726	6
4727	6
4733	6
4736	6
4675	6
4742	6
4737	10
5838	10
4738	6
4739	6
4743	6
4745	6
4740	6
4744	6
4746	6
4741	6
4749	6
4750	6
4751	6
4754	6
4752	6
4753	6
4755	6
4756	6
4757	6
4759	6
4760	6
4761	6
4762	6
4763	6
4765	6
4771	10
4766	6
4773	6
4774	6
4782	6
4785	6
4787	6
4788	10
4789	6
4790	6
7909	10
4793	6
4794	6
4799	6
4800	6
4803	6
4804	6
4805	6
4806	6
4807	6
4810	6
4813	10
4816	6
4817	6
4818	6
4819	6
4821	1
4823	6
5310	6
4825	6
4826	6
4829	6
6856	6
4830	6
4832	6
4857	6
4833	6
4834	6
4835	6
4836	6
4837	6
4838	6
4839	6
4840	6
4858	6
4841	6
4842	6
4843	6
4844	6
4859	6
4860	6
4845	6
4847	6
4848	6
4849	6
4850	6
4861	6
4862	6
4851	6
4852	6
4863	6
4853	6
4854	6
4855	6
4856	6
4867	10
4868	10
4873	10
4801	10
4871	10
4869	10
4874	10
4870	6
4872	10
7557	10
4881	6
4882	10
4883	10
4885	6
4889	6
4890	6
4891	6
4893	6
4894	6
6088	6
4898	6
4900	6
4901	6
4903	10
4904	6
4905	10
4923	10
4906	10
4908	10
4924	10
4909	10
4910	6
4911	10
4912	10
4913	10
4914	10
4915	10
4916	10
4917	10
4918	10
4925	10
4919	10
4920	10
4926	10
4921	10
4922	6
4931	6
4932	1
4933	6
8028	10
4935	6
4936	6
4937	6
4943	10
4945	6
4947	6
4948	6
4950	6
4951	6
4952	6
4957	6
4960	10
4963	6
7204	10
7243	10
4965	6
4967	10
5880	10
6661	10
6950	10
4969	6
4970	10
4971	6
4972	6
4973	6
4974	6
7642	10
4975	6
4976	6
2346	6
4978	6
4979	6
4982	6
4985	6
4988	6
4989	10
4995	6
4996	6
4864	6
5000	10
5001	10
5003	6
5005	6
4897	6
5006	6
5008	6
5009	6
5010	10
5011	6
5013	6
5016	10
5017	6
5018	6
5019	10
5024	6
5029	6
5031	10
5032	10
5035	6
5036	6
5038	10
5039	6
5040	6
5046	6
5047	6
5048	10
5051	10
5052	6
5053	10
5054	6
5057	6
5059	10
7318	10
5060	6
5062	6
5063	6
5065	6
5069	6
5067	6
5068	10
5071	6
5077	6
5078	6
5145	10
6778	10
8277	10
5080	6
5081	6
5084	6
5085	6
5086	6
5087	6
5088	6
5089	10
5090	6
5091	6
5095	10
5097	6
5099	6
5098	6
7297	6
7365	10
5102	10
6681	10
5104	6
5105	6
5109	6
5111	6
5110	6
5112	6
5114	10
5665	10
5116	10
5117	6
5118	6
5119	6
5122	6
5127	6
5128	6
5129	6
5124	6
5125	10
5050	6
5126	6
5135	6
5136	6
5138	6
5139	6
5142	6
5150	6
5151	6
5152	6
5153	6
5154	6
5158	6
5159	6
5160	6
5161	6
5167	6
5163	6
5164	6
5166	10
5171	6
5172	10
5173	10
5174	6
5175	6
5177	10
7653	10
5180	6
5181	6
5183	6
5184	6
5185	10
5186	6
5187	6
5754	10
7498	10
7913	10
5190	6
5191	6
5192	6
5194	10
5195	6
5196	10
5197	6
5198	6
5201	10
7520	10
5202	6
5203	6
5207	6
5209	10
5213	6
5214	6
5216	6
5217	10
5218	6
5219	6
5220	6
5221	6
5224	6
8058	6
5227	6
5228	6
5225	6
5229	6
5230	6
5232	6
5238	6
5242	6
5244	6
5241	6
5243	6
5250	6
5247	6
5248	6
5249	6
5252	6
5251	6
5261	6
4407	6
5265	6
5275	6
5276	10
5277	6
5278	6
5280	10
5281	10
5282	6
5283	6
5287	10
5284	6
5286	6
5290	6
5291	6
5294	6
5299	6
5300	6
5313	6
5314	6
5315	6
5316	10
5317	6
5320	6
5322	6
5324	6
5328	6
5329	6
5330	6
5333	6
5332	6
5334	6
5336	6
5339	6
5337	6
5342	10
5343	6
5344	6
5345	6
5346	6
5347	6
5348	6
5352	6
5353	6
5355	6
4591	6
5356	6
5357	6
5358	6
5264	6
5360	6
5361	6
5365	6
5366	6
5367	6
5370	6
5371	6
5372	6
5373	6
5374	6
5376	10
5377	10
5380	6
5381	6
5382	6
5385	6
5386	6
5390	6
5391	10
5395	6
5397	6
5398	6
5405	6
5399	6
5400	6
5401	10
5413	9
5414	9
5416	6
5418	10
5424	10
5419	6
5422	10
5427	6
5428	6
5429	6
5431	6
5435	6
5436	6
5438	6
5440	6
5643	10
7359	10
5446	10
5447	6
5448	6
5456	10
5455	6
5460	6
5461	6
5468	6
5472	10
5473	6
5474	6
5475	6
5476	6
5477	6
5478	6
5480	6
5483	6
5485	6
5486	6
5488	6
5489	10
5490	6
5491	6
5494	6
5495	6
5496	6
5462	6
5497	6
5501	6
5504	6
5505	6
5507	6
5508	6
5510	6
5512	6
5515	6
5516	6
5517	6
5518	6
5519	6
5520	6
5521	6
5522	6
5523	6
7740	10
5525	6
5526	10
5530	6
5531	10
5528	6
5532	10
5534	6
5535	6
5536	6
5537	6
5193	10
5540	6
5541	6
5542	6
5544	6
5548	6
5549	10
5550	10
5551	10
5554	6
5552	6
5553	10
5555	6
5558	6
5561	10
5562	6
5565	10
5566	10
5567	6
5571	6
5572	6
5573	6
5577	6
5576	6
5578	6
5579	6
5580	6
5581	6
5583	6
5587	6
5589	10
5591	10
5594	6
5595	6
5598	6
5599	6
5600	6
5601	6
5602	6
5603	6
5604	10
5606	6
5607	6
5608	6
5612	10
5609	6
5610	6
5611	6
5613	6
5615	10
5616	10
5617	10
5622	6
5396	6
5627	6
5782	10
5625	10
5628	10
5629	10
5633	6
5644	10
5636	6
5645	6
5646	6
5648	6
5649	6
5652	6
5653	6
7246	10
7273	10
7534	10
5656	10
5657	6
5658	10
5659	6
5660	6
5661	6
5662	6
5668	6
5647	6
5666	6
5667	10
5669	6
5670	6
5674	6
5675	6
5676	0
5678	11
5679	11
5682	6
5686	10
5685	6
5687	6
5688	6
5689	6
5690	6
5691	6
5692	10
5695	0
5698	0
5696	10
5702	10
5703	6
5704	6
5708	10
5707	6
5710	6
5711	6
5712	6
5717	1
5718	6
5720	6
5722	6
5729	6
5730	6
5731	6
5733	6
5735	6
5741	10
4418	10
5744	10
5746	6
5750	6
5747	6
5748	6
5749	6
5751	6
5752	6
5755	10
5761	6
5763	10
5764	0
5765	0
5766	12
5767	12
5768	10
5769	6
5770	6
5771	10
5774	10
5781	10
5783	6
5785	6
5786	6
5787	10
5788	10
5789	6
5794	6
5796	10
5797	10
7583	10
8271	10
5803	6
6756	10
7533	10
5805	10
5808	10
5810	10
5813	6
6987	10
7508	10
5815	10
6871	10
5816	10
5820	10
5821	10
7690	10
5823	10
5833	6
5834	6
5842	6
5840	6
5841	6
5836	10
5846	6
5852	6
5853	6
5854	6
3788	6
5855	6
5856	6
5857	10
5859	10
5861	6
5862	10
5864	6
5866	6
5868	6
7506	10
5873	6
5874	6
5875	6
5876	6
5877	6
5878	6
5883	6
5884	6
5885	6
5888	6
5889	6
5890	6
5590	6
5892	10
5895	6
5896	10
5899	6
5070	10
5903	6
4767	10
5907	10
5911	6
5908	10
5909	6
5913	6
5915	10
5916	6
4927	6
5914	6
5917	6
5919	10
5920	10
5921	10
5923	10
5924	6
5927	10
5930	6
5934	10
5935	10
5937	6
5938	6
5942	6
5939	6
5940	10
5941	6
5944	6
5945	10
5946	6
5952	10
5962	6
5964	6
5958	10
5966	10
5959	6
5960	6
5093	6
5961	10
5970	13
5971	13
5981	10
5982	10
5983	10
5984	10
5985	10
5986	10
5987	10
5988	10
5989	10
5990	10
5992	6
5993	6
5997	10
6791	10
5967	10
5999	10
8276	10
6005	6
6003	6
6641	10
6007	10
6013	10
4409	10
6014	10
6015	10
6016	10
6017	10
6018	10
6019	10
6020	10
6024	10
6022	6
6002	14
6025	14
6026	10
6028	6
6030	6
6031	6
5978	6
6033	6
6034	6
6036	6
6037	6
6035	6
6038	10
6039	6
6042	10
6045	10
6046	10
6048	10
6049	10
6050	10
6051	10
6052	10
6053	10
6056	10
6057	10
6058	10
6060	10
6061	10
6062	10
6063	10
6064	10
6066	10
6070	10
6071	10
6072	10
6067	10
6068	10
6069	10
6073	10
6074	10
6075	10
6077	10
6079	10
6081	10
6082	10
6089	15
6090	15
6091	10
6092	10
6093	10
6100	16
6101	16
6108	10
6116	10
6112	10
6113	10
6114	10
6118	10
6119	10
6120	10
6121	10
6126	10
6129	10
6128	10
6127	10
6133	10
6134	10
6135	10
6141	6
6142	6
6143	6
6144	6
6145	6
6146	10
6147	6
6150	10
6152	6
6153	6
6155	10
6158	10
6157	10
6160	6
6165	10
6168	10
6169	10
6175	6
6176	6
6177	6
6178	6
6179	10
6180	10
6196	6
6197	6
6181	6
6182	10
6183	6
6184	6
6185	6
6186	6
6187	6
388	6
6188	6
6199	6
6200	10
6201	6
6202	10
6203	6
6204	10
6190	10
6205	6
6206	6
6207	6
6191	6
6192	6
6208	10
6193	6
6212	10
6213	10
6214	10
6215	10
6216	10
6217	10
6219	10
6220	10
6224	10
6222	10
6223	10
6230	10
6228	10
6232	10
6236	6
6239	10
6240	10
7590	10
6242	10
6244	10
6245	10
6247	10
6248	10
6252	10
6253	10
6254	10
6258	17
6259	17
6263	10
6264	10
6265	10
6266	18
6267	18
6271	10
6273	10
6274	10
6275	10
6276	10
6282	6
6281	6
6286	10
6287	10
6288	10
6291	10
6292	10
6293	10
6294	10
6297	10
6295	10
6301	10
6304	10
6312	10
6313	10
6314	10
6315	10
6319	10
6132	10
6317	10
6324	10
6325	10
6326	10
6331	10
6332	10
6333	10
6339	10
6346	10
6348	10
6349	10
6350	10
4406	6
5995	6
6355	6
6356	6
6359	10
6298	10
6366	10
6351	10
6371	10
6374	10
6375	10
6377	10
6378	10
6379	10
6380	10
6381	10
7215	10
6383	10
6387	10
5965	10
6389	10
6391	6
6392	6
6393	6
6394	10
6399	6
6395	6
6396	6
6397	6
6398	10
6406	10
6408	10
6410	6
6411	6
6412	6
6413	6
6415	10
6416	10
6983	10
6423	10
6426	10
6429	10
6428	10
6430	10
6431	10
6436	10
6439	10
6440	10
6443	10
6444	10
6448	10
6445	10
850	10
6446	10
6450	10
6451	10
6452	10
6453	10
6454	10
6455	10
6456	10
6457	10
6459	10
6461	10
6466	10
6467	10
6468	10
6469	10
6470	10
6471	10
6477	6
6479	10
6478	6
6480	10
6483	10
6484	10
6485	10
6486	10
6487	10
6488	10
6489	10
6490	10
6492	10
6493	10
6494	10
8025	10
6495	10
6497	10
6500	10
6502	10
6504	10
6506	10
6507	10
6508	10
6509	10
6510	10
6513	10
6514	10
6515	10
6516	10
6517	1
6518	10
6519	10
6520	10
6521	10
6522	10
6524	10
6525	10
6526	10
6527	10
6460	10
7765	10
6533	10
6534	10
6537	10
6535	10
6538	10
6539	10
6536	10
6541	10
6542	10
6544	10
6545	10
6546	10
6547	10
6548	10
6550	10
6561	10
6565	10
6572	10
6573	10
6574	10
6575	10
6563	10
7840	10
6577	10
6578	1
6579	1
6580	1
6586	1
6581	1
6582	1
6583	1
6587	1
6584	1
6588	1
6585	1
6598	10
6601	10
6602	10
6603	10
6604	10
6605	10
6607	10
6608	10
6612	10
6619	10
6614	10
6615	10
6616	10
6617	10
6622	10
6623	10
6625	10
6627	10
6626	10
6630	10
5943	10
6636	10
6633	10
6635	10
6639	10
6643	10
6644	10
6645	10
6646	10
6647	10
6655	10
6648	10
6649	10
6650	10
6651	10
6652	10
6653	10
6654	10
6656	6
6657	10
6658	10
6609	10
6660	10
6551	10
6666	10
6671	10
6672	10
6673	10
6674	10
6675	10
6676	10
6677	10
6678	10
6679	10
6683	10
6684	10
6687	2
6688	2
6689	2
6690	2
6695	6
6696	6
6697	10
6698	10
6701	10
6702	10
6703	10
6705	10
6706	10
6710	10
6711	10
6713	10
6718	10
6717	10
6719	10
6727	10
6728	10
6729	10
6730	10
6731	10
6732	10
6734	10
6735	10
6738	10
6744	10
6745	10
6746	10
6749	10
6751	10
6757	10
6726	10
6752	10
6753	10
6758	10
6760	10
6761	10
6764	10
6766	10
6767	10
6768	10
6771	10
8021	10
6775	10
6773	10
6779	10
6781	10
6782	10
6787	10
6793	10
6794	10
6795	10
6797	10
6798	10
6800	10
6801	10
6802	10
6804	10
6808	10
6807	10
6810	10
6812	10
6811	10
6815	10
6816	10
6818	10
6819	10
5269	10
6821	10
6822	10
6824	10
6776	10
6828	10
6829	10
6834	10
6835	10
6836	10
6837	10
6841	10
6842	10
6843	10
6844	10
6845	10
6846	10
6848	10
6847	10
6852	10
6854	10
6859	10
6620	10
6861	10
6862	10
6863	10
6864	10
6866	10
6867	10
6865	10
6870	10
6876	10
6877	10
6878	10
6880	10
6881	10
6883	10
6884	10
6885	10
6747	10
6886	10
5410	10
6895	10
6896	10
6899	10
6900	10
6902	10
6903	10
6905	6
6915	6
6906	10
6908	6
6909	6
2415	10
6910	6
6916	10
6911	10
6912	1
6921	10
6922	10
6926	10
6927	10
6928	10
6929	10
6935	10
6936	10
6940	10
6941	10
6943	6
6949	10
6947	10
6954	10
7636	10
7881	10
7991	10
8007	10
6959	10
6692	10
6958	10
6960	10
6961	10
6962	10
6963	10
6968	10
6969	10
6316	10
6971	10
6972	10
6974	10
6975	10
6978	10
6981	10
6984	10
6985	10
6990	10
6991	10
6995	10
6996	6
6998	10
6999	10
7000	10
7001	10
7002	10
7003	10
7004	10
7006	10
7007	10
7008	10
7009	10
7010	10
7011	10
7013	10
7014	10
7015	10
7016	10
7017	10
7018	10
7019	10
7020	10
7022	10
7024	10
7025	10
7026	10
7027	10
7028	10
7029	10
7031	19
7033	19
7032	19
7035	6
7036	6
7037	6
7041	6
7043	10
7044	10
7051	10
7045	10
7053	10
7046	10
7055	10
7048	10
7056	10
7049	10
7057	10
7030	10
7061	10
7064	10
7065	10
7038	10
7072	10
7070	10
7071	10
7079	6
7080	10
7797	10
7082	10
7085	10
7087	10
7086	10
7084	10
7090	10
5015	10
7089	10
7096	10
7095	10
7098	10
7099	10
7100	10
7103	10
7104	10
7106	10
7107	10
7109	10
7111	10
7112	10
7113	10
7114	10
7118	10
7117	10
7121	10
7123	10
7122	10
7124	10
7125	10
7127	10
7128	10
7129	10
7136	10
7130	10
7137	10
7126	10
7132	10
7133	10
7138	10
7134	10
7139	10
7140	10
7135	10
6986	10
7142	10
7145	10
7151	10
7153	10
7154	10
7155	10
7156	10
7157	10
7160	10
7158	10
7159	10
7163	10
7164	10
7165	10
7166	10
7167	10
7172	10
7173	10
7174	10
7175	10
7178	10
7179	10
7176	10
7177	10
7183	10
7184	6
7187	6
7188	10
7189	10
7190	20
7191	20
7192	10
7193	10
6889	10
7194	21
7195	21
7197	10
7198	10
7203	10
7205	10
7206	10
7210	10
7211	10
7212	10
7217	10
7219	0
7218	0
7220	10
7221	10
7223	10
7226	10
7227	10
7228	10
7229	10
5143	10
7230	10
7231	10
7232	10
7234	10
7235	10
7236	10
7239	10
7240	10
7241	10
7245	10
7251	10
7252	10
7253	10
7255	10
7260	10
7265	10
7266	10
7267	10
7268	10
7269	10
7270	10
7271	10
7276	10
7278	10
7282	10
7283	10
7284	10
7285	10
7286	10
7287	10
7291	6
7293	10
5949	10
7296	10
7298	10
7299	10
7300	10
7302	10
7305	10
7171	10
7309	10
7310	10
7317	10
7320	10
7294	10
7326	10
7327	10
7281	10
7329	10
7333	10
7330	10
7332	10
7335	10
7336	10
7337	10
7342	10
7345	10
7343	10
7344	10
7347	10
7348	10
7349	10
7350	10
7352	10
7353	10
7354	10
7355	10
7360	10
7363	10
7371	10
7374	10
7377	10
7379	10
7380	10
7357	10
7199	10
7382	10
7383	1
7390	10
7392	1
7321	10
7394	10
7170	10
7401	10
7402	10
7403	10
7404	10
7405	10
7409	10
7413	10
7416	10
7417	10
7418	10
7419	10
7420	10
7421	10
7424	10
7425	10
7426	10
7427	10
7428	10
7429	10
7430	10
7431	10
7441	10
7444	10
6139	10
7448	10
7445	10
7446	10
7447	10
7451	10
7452	10
7453	10
7181	10
7180	10
7454	10
7455	10
7456	10
7457	10
7458	10
7459	10
7461	10
7462	10
7465	22
7467	22
7466	22
7473	10
7474	10
7468	10
7469	10
7476	10
7477	10
7470	10
4532	10
7480	10
7481	10
7482	10
7483	10
7484	10
7485	10
7486	10
7487	10
7492	10
7494	23
7495	23
7501	10
7502	10
7503	10
7505	10
7509	10
7471	10
7511	10
7514	10
7515	10
7513	10
7518	10
7376	10
7522	10
7523	10
7524	10
7525	10
7527	10
7528	10
7531	10
7538	10
7540	10
7535	10
7536	10
7537	10
7549	10
7545	10
7546	10
7550	10
7554	10
7563	10
7564	10
7415	10
7150	10
7565	10
7569	10
7570	10
7571	10
7572	10
7576	0
7577	0
7578	10
8165	10
7579	10
7580	10
7581	0
7585	10
7586	10
7594	10
7595	10
7597	10
7598	10
7599	10
7600	10
7602	10
7605	10
5910	10
7608	10
7610	10
7611	10
7613	10
7609	10
7614	10
7615	10
7616	10
7617	10
7619	10
7623	10
7625	10
7626	10
7630	10
7629	10
7639	10
7638	10
7601	10
7644	10
7645	10
7986	10
7659	10
7660	10
7650	10
7661	10
7663	10
7664	10
7665	10
7670	10
7676	10
7677	10
7678	10
7679	10
7682	10
7684	10
7685	10
7687	10
7686	10
7696	10
7697	10
7698	10
7703	10
7704	10
7705	10
7706	10
7715	10
7716	10
7719	10
6367	10
7717	10
7720	10
7721	10
7724	10
7728	10
7727	10
7729	10
7732	10
7733	10
7736	10
7737	10
7738	10
7741	10
7742	10
7743	10
7744	10
7745	10
7747	10
7750	10
7751	10
7752	10
7753	10
7755	10
7756	10
7758	10
7759	10
7760	10
7761	10
7762	10
7766	10
7767	10
7768	10
7769	10
7770	10
7771	10
7772	10
7773	10
7774	10
7775	10
7777	10
7779	10
7780	10
7781	10
7782	10
7783	10
7789	10
7790	10
7792	10
7796	10
7800	10
7804	10
7801	10
7805	10
7802	10
7806	10
7808	10
7812	10
7814	10
7815	10
7818	10
7821	10
7822	10
7826	24
7827	24
7828	24
7829	10
7830	10
7831	10
7832	10
7834	10
7836	10
7837	10
7841	10
7842	10
7843	10
7844	10
7845	10
7848	10
7849	10
7852	10
7850	10
7851	10
6638	10
7853	10
7854	10
7856	10
7754	10
7863	10
7864	10
7865	10
7866	10
7867	10
7868	10
7870	10
7873	10
7875	10
7877	10
7878	10
7885	10
7883	10
7884	10
7886	10
7887	10
7888	10
7889	10
7891	10
7892	10
7893	10
7372	10
7894	10
7900	10
7901	10
7902	10
7903	10
7904	10
7905	10
7906	10
7907	10
7911	10
7869	10
7914	10
7915	10
7916	10
7919	10
7920	10
7922	10
7923	10
7925	10
7930	10
7929	10
7932	10
7933	10
7931	10
7934	10
7935	10
7937	10
7938	10
7939	10
7940	10
7941	10
7942	10
7944	10
7945	10
7948	10
7949	10
7950	10
7953	10
7954	10
7955	10
7956	10
7959	10
7960	10
7964	10
7966	10
7968	10
7969	10
7967	10
7970	10
7972	25
7973	25
7974	10
7975	10
7976	10
7978	10
7980	10
7981	26
7982	26
7985	10
7993	10
7995	10
7998	10
7999	10
8000	10
8001	10
8005	10
8006	10
8009	10
8010	10
8011	10
8012	10
8013	10
8014	27
8015	27
8020	10
8027	10
8035	10
8036	10
8040	10
8041	10
8045	10
8046	10
8047	10
8048	10
8049	10
8052	10
8053	10
8054	10
8055	10
8056	10
8057	10
8060	10
8061	10
8062	10
8063	10
8064	10
8065	10
8066	10
8069	10
8070	10
8071	10
8072	10
8074	28
8076	28
8075	28
8077	10
8080	10
8081	10
8023	10
8084	10
8085	10
8086	10
8087	10
8088	10
8089	10
8091	10
8092	10
8093	10
8094	10
8095	10
8096	10
8098	10
8099	10
8100	10
8101	10
8102	10
8108	10
8103	10
8104	10
8105	10
8111	10
8112	10
8106	10
8107	10
8114	10
8115	10
8109	10
8110	10
8118	10
8119	10
8120	10
8126	10
8131	10
8133	10
8135	10
8138	10
8136	10
8097	10
8137	10
8140	10
8142	10
8144	10
8145	10
8146	10
8147	10
8152	10
8153	10
8155	10
8156	10
8158	10
8159	10
8157	10
8161	10
8162	10
8166	10
8167	10
8170	10
8171	10
8172	10
8173	10
8177	10
7472	10
8179	10
8184	10
8180	10
8181	10
8182	10
8183	10
8187	10
8189	10
7861	10
8190	10
8193	10
8194	10
8195	10
8196	10
8197	10
8199	10
8202	10
8203	10
8206	10
8205	10
8211	10
8213	10
8215	10
8216	10
8221	10
8222	10
8231	10
8232	10
8233	10
8236	10
8214	10
8238	10
8241	10
8242	10
8243	10
8244	10
8245	10
8248	10
8229	10
8251	10
8252	10
8253	10
8254	10
8255	10
8256	10
8260	10
8261	10
8262	10
8264	10
8265	10
8266	10
7637	10
8270	10
8272	10
8273	10
8150	10
8274	10
